hour,bus_id,demandP,demandQ
1,1,58.293347449613,5.829334744961
1,2,70.455021038537,7.045502103854
1,3,323.134109918961,32.313410991896
1,4,74.946644473283,7.494664447328
1,5,84.631070247340,8.463107024734
1,6,72.007591133799,7.200759113380
1,7,485.871678745525,48.587167874553
1,8,1109.083191096558,110.908319109656
1,9,280.785790367762,28.078579036776
1,10,616.875302121083,61.687530212108
1,11,510.946338335297,51.094633833530
1,12,280.362384976442,28.036238497644
1,13,302.181503853609,30.218150385361
1,14,324.067321001520,32.406732100152
1,15,95.865430813394,9.586543081339
1,16,412.992053212116,41.299205321212
1,17,445.332683122025,44.533268312203
1,18,464.945802184723,46.494580218472
1,19,437.715715505052,43.771571550505
1,20,226.044706229383,22.604470622938
1,21,682.303042963507,68.230304296351
1,22,550.975967484770,55.097596748477
1,23,322.426405501548,32.242640550155
1,24,527.496105587823,52.749610558782
1,25,426.571770939130,42.657177093913
1,26,503.477512409034,50.347751240903
1,27,28.678938767842,2.867893876784
1,28,114.144082498706,11.414408249871
1,29,555.106366136197,55.510636613620
1,30,431.307159925933,43.130715992593
1,31,350.776872540943,35.077687254094
1,32,144.626321643926,14.462632164393
1,33,417.056130064696,41.705613006470
1,34,932.702469028659,93.270246902866
1,35,568.210286133162,56.821028613316
1,36,655.495483240734,65.549548324073
1,37,803.624624887009,80.362462488701
1,38,325.477145503235,32.547714550324
1,39,627.937050323248,62.793705032325
1,40,951.845625675680,95.184562567568
1,41,171.986981325870,17.198698132587
1,42,1049.638529846509,104.963852984651
1,43,547.082181419392,54.708218141939
1,44,168.790295719528,16.879029571953
1,45,309.046719841446,30.904671984145
1,46,972.216770899098,97.221677089910
1,47,2462.475496921114,246.247549692111
1,48,171.768627626730,17.176862762673
1,49,351.426537541199,35.142653754120
1,50,417.907772236656,41.790777223666
1,51,1674.243678407769,167.424367840777
1,52,385.292631569926,38.529263156993
1,53,799.635152214968,79.963515221497
1,54,343.570133798963,34.357013379896
1,55,1000.072867594953,100.007286759495
1,56,138.945674473922,13.894567447392
1,57,1574.671944532742,157.467194453274
1,58,1178.755966282458,117.875596628246
1,59,107.034661741601,10.703466174160
1,60,155.875301868572,15.587530186857
1,61,746.244598254832,74.624459825483
1,62,878.331644999080,87.833164499908
1,63,121.687951822720,12.168795182272
1,64,443.393288154580,44.339328815458
1,65,105.446138580360,10.544613858036
1,66,30.460592011253,3.046059201125
1,67,24.133856323996,2.413385632400
1,68,38.103410698354,3.810341069835
1,69,39.648451355715,3.964845135572
1,70,218.680037527422,21.868003752742
1,71,246.621656088773,24.662165608877
1,72,86.103075357058,8.610307535706
1,73,279.617221605469,27.961722160547
1,74,79.519021129521,7.951902112952
1,75,165.026706184528,16.502670618453
1,76,73.464098150503,7.346409815050
1,77,302.961114402980,30.296111440298
1,78,73.324552568064,7.332455256806
1,79,133.658565924896,13.365856592490
1,80,35.465911346820,3.546591134682
1,81,193.584107275579,19.358410727558
1,82,84.171586299409,8.417158629941
1,83,221.351921312039,22.135192131204
1,84,322.887332591743,32.288733259174
1,85,208.475139358433,20.847513935843
1,86,204.153367493678,20.415336749368
1,87,46.704350358404,4.670435035840
1,88,13.132531860989,1.313253186099
1,89,70.840528259087,7.084052825909
1,90,141.872931694027,14.187293169403
1,91,47.492306034783,4.749230603478
1,92,24.103675827075,2.410367582707
1,93,93.975290918887,9.397529091889
1,94,34.737187248600,3.473718724860
1,95,53.379636275179,5.337963627518
1,96,138.102063702389,13.810206370239
1,97,42.971255046906,4.297125504691
1,98,221.542792562839,22.154279256284
1,99,710.805918375088,71.080591837509
1,100,166.575762542103,16.657576254210
1,101,259.786627278054,25.978662727805
1,102,76.480265483160,7.648026548316
1,103,80.177094002101,8.017709400210
1,104,169.376211478886,16.937621147889
1,105,113.544488260494,11.354448826049
1,106,134.377815480425,13.437781548042
1,107,25.514943471055,2.551494347105
1,108,697.459864204279,69.745986420428
1,109,365.237409011786,36.523740901179
1,110,213.740663518808,21.374066351881
1,111,135.353818868389,13.535381886839
1,112,25.023459412043,2.502345941204
1,113,531.911054246607,53.191105424661
1,114,58.837098356724,5.883709835672
1,115,25.656559648916,2.565655964892
1,116,36.218604155694,3.621860415569
1,117,218.693025807802,21.869302580780
1,118,79.425530608912,7.942553060891
1,119,80.015085596590,8.001508559659
1,120,32.808082512953,3.280808251295
1,121,76.350319934046,7.635031993405
1,122,63.225631237537,6.322563123754
1,123,51.423300072456,5.142330007246
1,124,99.934841017821,9.993484101782
1,125,21.283775842380,2.128377584238
1,126,354.575411216868,35.457541121687
1,127,279.403385569071,27.940338556907
1,128,422.150986965973,42.215098696597
1,129,49.966291093225,4.996629109323
1,130,63.208815492890,6.320881549289
1,131,161.982742676952,16.198274267695
1,132,86.953023405491,8.695302340549
1,133,260.255021060835,26.025502106083
1,134,592.941101392104,59.294110139210
1,135,125.837048578269,12.583704857827
1,136,144.706572902891,14.470657290289
1,137,1722.131970130848,172.213197013085
1,138,37.214121336887,3.721412133689
1,139,39.481988032779,3.948198803278
1,140,45.656817310376,4.565681731038
1,141,47.457607875121,4.745760787512
1,142,64.484804235909,6.448480423591
1,143,92.716117920515,9.271611792051
1,144,42.650312756360,4.265031275636
1,145,132.484663810757,13.248466381076
1,146,38.748683526502,3.874868352650
1,147,52.525798017164,5.252579801716
1,148,284.380720493771,28.438072049377
1,149,1125.039826878403,112.503982687840
1,150,625.632728598849,62.563272859885
1,151,528.758290361356,52.875829036136
1,152,236.973748088537,23.697374808854
1,153,185.694762242524,18.569476224252
1,154,127.101994145700,12.710199414570
1,155,356.155526505786,35.615552650579
1,156,383.695575045730,38.369557504573
1,157,180.630525055379,18.063052505538
1,158,472.553985457478,47.255398545748
1,159,328.665360491939,32.866536049194
1,160,938.001624678327,93.800162467833
1,161,154.670529059037,15.467052905904
1,162,55.809950593794,5.580995059379
1,163,58.701066511972,5.870106651197
1,164,49.366822345645,4.936682234564
1,165,1439.443490805410,143.944349080541
1,166,462.350969647964,46.235096964796
1,167,1921.125100104139,192.112510010414
1,168,122.342573702928,12.234257370293
1,169,34.478237330108,3.447823733011
1,170,151.503961204300,15.150396120430
1,171,42.411566829570,4.241156682957
1,172,447.288768343485,44.728876834349
1,173,46.414843471097,4.641484347110
1,174,336.571584014956,33.657158401496
1,175,152.601314033109,15.260131403311
1,176,442.206084033482,44.220608403348
1,177,565.406135222744,56.540613522274
1,178,639.111049895459,63.911104989546
1,179,341.128462578180,34.112846257818
1,180,319.055978115632,31.905597811563
1,181,289.244800123371,28.924480012337
1,182,522.183145968669,52.218314596867
1,183,236.220365081189,23.622036508119
1,184,466.728333862557,46.672833386256
1,185,266.728078824642,26.672807882464
1,186,399.414217844576,39.941421784458
1,187,55.201948483258,5.520194848326
1,188,50.415986771885,5.041598677188
1,189,92.029433183910,9.202943318391
1,190,165.135945779414,16.513594577941
1,191,229.834523306406,22.983452330641
1,192,114.803786749498,11.480378674950
1,193,32.746654848741,3.274665484874
2,1,55.128495917786,5.512849591779
2,2,66.629890195751,6.662989019575
2,3,305.590573177541,30.559057317754
2,4,70.877655249914,7.087765524991
2,5,80.036295988682,8.003629598868
2,6,68.098168445387,6.809816844539
2,7,459.492824313150,45.949282431315
2,8,1048.869053637738,104.886905363774
2,9,265.541420681687,26.554142068169
2,10,583.384023436979,58.338402343698
2,11,483.206135167865,48.320613516787
2,12,265.141002736789,26.514100273679
2,13,285.775522087206,28.577552208721
2,14,306.473118538309,30.647311853831
2,15,90.660722749214,9.066072274921
2,16,390.569965796899,39.056996579690
2,17,421.154764268254,42.115476426825
2,18,439.703051534096,43.970305153410
2,19,413.951335634461,41.395133563446
2,20,213.772329258926,21.377232925893
2,21,645.259573594040,64.525957359404
2,22,521.062483168203,52.106248316820
2,23,304.921291316175,30.492129131617
2,24,498.857385547847,49.885738554785
2,25,403.412416025469,40.341241602547
2,26,476.142805343779,47.614280534378
2,27,27.121907180849,2.712190718085
2,28,107.946993291275,10.794699329127
2,29,524.968634987515,52.496863498751
2,30,407.890712157867,40.789071215787
2,31,331.732560094306,33.173256009431
2,32,136.774296402230,13.677429640223
2,33,394.413396548078,39.441339654808
2,34,882.064360788334,88.206436078833
2,35,537.361119407526,53.736111940753
2,36,619.907444896678,61.990744489668
2,37,759.994386851938,75.999438685194
2,38,307.806401111501,30.780640111150
2,39,593.845209271842,59.384520927184
2,40,900.168200750193,90.016820075019
2,41,162.649496259087,16.264949625909
2,42,992.651750833330,99.265175083333
2,43,517.380097808614,51.738009780861
2,44,159.626364510615,15.962636451061
2,45,292.268013050902,29.226801305090
2,46,919.433359562021,91.943335956202
2,47,2328.783237178197,232.878323717820
2,48,162.442997378198,16.244299737820
2,49,332.346953603712,33.234695360371
2,50,395.218801522307,39.521880152231
2,51,1583.345953331321,158.334595333132
2,52,364.374395980868,36.437439598087
2,53,756.221509885063,75.622150988506
2,54,324.917088266047,32.491708826605
2,55,945.777098258966,94.577709825897
2,56,131.402061867361,13.140206186736
2,57,1489.180149434040,148.918014943404
2,58,1114.759167526577,111.475916752658
2,59,101.223555878032,10.122355587803
2,60,147.412549093580,14.741254909358
2,61,705.729625908356,70.572962590836
2,62,830.645427381703,83.064542738170
2,63,115.081292270977,11.508129227098
2,64,419.320662570145,41.932066257014
2,65,99.721276519560,9.972127651956
2,66,28.806831239143,2.880683123914
2,67,22.823585504124,2.282358550412
2,68,36.034707441593,3.603470744159
2,69,37.495865040164,3.749586504016
2,70,206.807501774575,20.680750177457
2,71,233.232119199868,23.323211919987
2,72,81.428383271921,8.142838327192
2,73,264.436295636374,26.443629563637
2,74,75.201789286750,7.520178928675
2,75,156.067107075694,15.606710707569
2,76,69.475599055184,6.947559905518
2,77,286.512806166245,28.651280616624
2,78,69.343629655443,6.934362965544
2,79,126.402000028164,12.640200002816
2,80,33.540402712226,3.354040271223
2,81,183.074075080600,18.307407508060
2,82,79.601758257431,7.960175825743
2,83,209.334324143806,20.933432414381
2,84,305.357193838880,30.535719383888
2,85,197.156646030927,19.715664603093
2,86,193.069510997042,19.306951099704
2,87,44.168686492085,4.416868649209
2,88,12.419542894059,1.241954289406
2,89,66.994467530287,6.699446753029
2,90,134.170392985219,13.417039298522
2,91,44.913862626054,4.491386262605
2,92,22.795043561104,2.279504356110
2,93,88.873201976823,8.887320197682
2,94,32.851242366636,3.285124236664
2,95,50.481559032662,5.048155903266
2,96,130.604252254268,13.060425225427
2,97,40.638267693978,4.063826769398
2,98,209.514832648308,20.951483264831
2,99,672.214976217482,67.221497621748
2,100,157.532062354833,15.753206235483
2,101,245.682340232266,24.568234023227
2,102,72.328013194369,7.232801319437
2,103,75.824134189845,7.582413418985
2,104,160.180469841002,16.018046984100
2,105,107.379952111452,10.737995211145
2,106,127.082200221163,12.708220022116
2,107,24.129690925751,2.412969092575
2,108,659.593503526967,65.959350352697
2,109,345.408007819983,34.540800781998
2,110,202.136295337070,20.213629533707
2,111,128.005214615485,12.800521461548
2,112,23.664890427473,2.366489042747
2,113,503.032638638663,50.303263863866
2,114,55.642725602208,5.564272560221
2,115,24.263618504535,2.426361850453
2,116,34.252230463707,3.425223046371
2,117,206.819784897662,20.681978489766
2,118,75.113374536025,7.511337453602
2,119,75.670921514427,7.567092151443
2,120,31.026872224983,3.102687222498
2,121,72.205122624736,7.220512262474
2,122,59.792997075537,5.979299707554
2,123,48.631435869657,4.863143586966
2,124,94.509197294898,9.450919729490
2,125,20.128241059684,2.012824105968
2,126,335.324869217921,33.532486921792
2,127,264.234069146123,26.423406914612
2,128,399.231644430078,39.923164443008
2,129,47.253530549789,4.725353054979
2,130,59.777094288158,5.977709428816
2,131,153.188405866326,15.318840586633
2,132,82.232186099660,8.223218609966
2,133,246.125304067278,24.612530406728
2,134,560.749253863600,56.074925386360
2,135,119.005127040434,11.900512704043
2,136,136.850190674833,13.685019067483
2,137,1628.634302864643,162.863430286464
2,138,35.193699212039,3.519369921204
2,139,37.338439312865,3.733843931287
2,140,43.178025912645,4.317802591264
2,141,44.881048292395,4.488104829240
2,142,60.983807288667,6.098380728867
2,143,87.682391763693,8.768239176369
2,144,40.334749942326,4.033474994233
2,145,125.291831188346,12.529183118835
2,146,36.644947237877,3.664494723788
2,147,49.674077201873,4.967407720187
2,148,268.941175532748,26.894117553275
2,149,1063.959374730062,106.395937473006
2,150,591.665993352108,59.166599335211
2,151,500.051044021404,50.005104402140
2,152,224.108013618766,22.410801361877
2,153,175.613056894525,17.561305689452
2,154,120.201396419381,12.020139641938
2,155,336.819197182704,33.681919718270
2,156,362.864046551189,36.286404655119
2,157,170.823766326856,17.082376632686
2,158,446.898172741647,44.689817274165
2,159,310.821522127526,31.082152212753
2,160,887.075815669236,88.707581566924
2,161,146.273185584396,14.627318558440
2,162,52.779927180219,5.277992718022
2,163,55.514079172964,5.551407917296
2,164,46.686608047485,4.668660804748
2,165,1361.293493658790,136.129349365879
2,166,437.249097160765,43.724909716077
2,167,1816.823734992937,181.682373499294
2,168,115.700373542334,11.570037354233
2,169,32.606351308754,3.260635130875
2,170,143.278536440183,14.327853644018
2,171,40.108965964801,4.010896596480
2,172,423.004650076224,42.300465007622
2,173,43.894897458630,4.389489745863
2,174,318.298502439739,31.829850243974
2,175,144.316311994172,14.431631199417
2,176,418.197913913446,41.819791391345
2,177,534.709210934584,53.470921093458
2,178,604.412552146335,60.441255214633
2,179,322.607979803133,32.260797980313
2,180,301.733850544373,30.173385054437
2,181,273.541175459601,27.354117545960
2,182,493.832876139993,49.383287613999
2,183,223.395533140937,22.339553314094
2,184,441.388806335014,44.138880633501
2,185,252.246927787996,25.224692778800
2,186,377.729295731095,37.772929573109
2,187,52.204934606708,5.220493460671
2,188,47.678811434656,4.767881143466
2,189,87.032988386550,8.703298838655
2,190,156.170415854898,15.617041585490
2,191,217.356390295057,21.735639029506
2,192,108.570881002101,10.857088100210
2,193,30.968779580043,3.096877958004
3,1,53.052694335440,5.305269433544
3,2,64.121016532553,6.412101653255
3,3,294.083903445467,29.408390344547
3,4,68.208836765547,6.820883676555
3,5,77.022619176128,7.702261917613
3,6,65.534008414165,6.553400841416
3,7,442.191138208593,44.219113820859
3,8,1009.375067724138,100.937506772414
3,9,255.542756795564,25.554275679556
3,10,561.417353408981,56.141735340898
3,11,465.011550982645,46.501155098264
3,12,255.157416138551,25.515741613855
3,13,275.014965843679,27.501496584368
3,14,294.933217552128,29.493321755213
3,15,87.246995082490,8.724699508249
3,16,375.863492501725,37.586349250172
3,17,405.296654745651,40.529665474565
3,18,423.146527091673,42.314652709167
3,19,398.364463124720,39.836446312472
3,20,205.722972352849,20.572297235285
3,21,620.963049235967,62.096304923597
3,22,501.442460726910,50.144246072691
3,23,293.439822640718,29.343982264072
3,24,480.073471112208,48.007347111221
3,25,388.222374694167,38.822237469417
3,26,458.214182908129,45.821418290813
3,27,26.100662234747,2.610066223475
3,28,103.882370526712,10.388237052671
3,29,505.201530787643,50.520153078764
3,30,392.532045616624,39.253204561662
3,31,319.241543212830,31.924154321283
3,32,131.624213923662,13.162421392366
3,33,379.562203185685,37.956220318568
3,34,848.851218195327,84.885121819533
3,35,517.127390128555,51.712739012855
3,36,596.565526464083,59.656552646408
3,37,731.377651993907,73.137765199391
3,38,296.216296867838,29.621629686784
3,39,571.484635043344,57.148463504334
3,40,866.273378401305,86.627337840130
3,41,156.525112198149,15.652511219815
3,42,955.274564302225,95.527456430222
3,43,497.898731451239,49.789873145124
3,44,153.615813079474,15.361581307947
3,45,281.262989353812,28.126298935381
3,46,884.813129300582,88.481312930058
3,47,2241.095520540970,224.109552054097
3,48,156.326388800638,15.632638880064
3,49,319.832802424850,31.983280242485
3,50,380.337281540402,38.033728154040
3,51,1523.726840191941,152.372684019194
3,52,350.654287438973,35.065428743897
3,53,727.746838470763,72.774683847076
3,54,312.682700319752,31.268270031975
3,55,910.164924111491,91.016492411149
3,56,126.454264845026,12.645426484503
3,57,1433.106743854402,143.310674385440
3,58,1072.784163395550,107.278416339555
3,59,97.412096596145,9.741209659615
3,60,141.861895160949,14.186189516095
3,61,679.156169662539,67.915616966254
3,62,799.368406962013,79.936840696201
3,63,110.748035493016,11.074803549302
3,64,403.531614086552,40.353161408655
3,65,95.966383879253,9.596638387925
3,66,27.722142370472,2.772214237047
3,67,21.964189032018,2.196418903202
3,68,34.677861014326,3.467786101433
3,69,36.084000364990,3.608400036499
3,70,199.020397623123,19.902039762312
3,71,224.450025764723,22.445002576472
3,72,78.362288976590,7.836228897659
3,73,254.479243992333,25.447924399233
3,74,72.370150392965,7.237015039297
3,75,150.190575484790,15.019057548479
3,76,66.859573421757,6.685957342176
3,77,275.724488318988,27.572448831899
3,78,66.732573181509,6.673257318151
3,79,121.642474717307,12.164247471731
3,80,32.277476527438,3.227747652744
3,81,176.180626449141,17.618062644914
3,82,76.604443474987,7.660444347499
3,83,201.452075334677,20.145207533468
3,84,293.859311743625,29.385931174362
3,85,189.732934010716,18.973293401072
3,86,185.799695455038,18.579969545504
3,87,42.505564221397,4.250556422140
3,88,11.951898958517,1.195189895852
3,89,64.471866117124,6.447186611712
3,90,129.118357564589,12.911835756459
3,91,43.222681585173,4.322268158517
3,92,21.936721803798,2.193672180380
3,93,85.526781396680,8.552678139668
3,94,31.614265740458,3.161426574046
3,95,48.580732638349,4.858073263835
3,96,125.686495856654,12.568649585665
3,97,39.108079377055,3.910807937705
3,98,201.625786994225,20.162578699423
3,99,646.903476455365,64.690347645536
3,100,151.600369518626,15.160036951863
3,101,236.431447710744,23.643144771074
3,102,69.604583110938,6.960458311094
3,103,72.969061597877,7.296906159788
3,104,154.149054196128,15.414905419613
3,105,103.336680645501,10.333668064550
3,106,122.297062736177,12.229706273618
3,107,23.221114521274,2.322111452127
3,108,634.757251140029,63.475725114003
3,109,332.402057317416,33.240205731742
3,110,194.525080216382,19.452508021638
3,111,123.185322060396,12.318532206040
3,112,22.773815563601,2.277381556360
3,113,484.091509738375,48.409150973837
3,114,53.547561278782,5.354756127878
3,115,23.349999207533,2.334999920753
3,116,32.962501204605,3.296250120460
3,117,199.032218239009,19.903221823901
3,118,72.285064800353,7.228506480035
3,119,72.821617973632,7.282161797363
3,120,29.858590206988,2.985859020699
3,121,69.486319847649,6.948631984765
3,122,57.541558942204,5.754155894220
3,123,46.800273784616,4.680027378462
3,124,90.950559642538,9.095055964254
3,125,19.370334754679,1.937033475468
3,126,322.698587972001,32.269858797200
3,127,254.284632113391,25.428463211339
3,128,384.199025356515,38.419902535652
3,129,45.474251941627,4.547425194163
3,130,57.526254956419,5.752625495642
3,131,147.420268535524,14.742026853552
3,132,79.135825511843,7.913582551184
3,133,236.857732240175,23.685773224017
3,134,539.634870655951,53.963487065595
3,135,114.524122672271,11.452412267227
3,136,131.697250482690,13.169725048269
3,137,1567.309907800589,156.730990780059
3,138,33.868520004866,3.386852000487
3,139,35.932502326600,3.593250232660
3,140,41.552205853165,4.155220585317
3,141,43.191102838385,4.319110283838
3,142,58.687530534517,5.868753053452
3,143,84.380809804367,8.438080980437
3,144,38.815990245369,3.881599024537
3,145,120.574108037988,12.057410803799
3,146,35.265122916626,3.526512291663
3,147,47.803655628772,4.780365562877
3,148,258.814497696998,25.881449769700
3,149,1023.897179728221,102.389717972822
3,150,569.387475050934,56.938747505093
3,151,481.222183716900,48.122218371690
3,152,215.669478129243,21.566947812924
3,153,169.000544521143,16.900054452114
3,154,115.675347871645,11.567534787165
3,155,324.136648696000,32.413664869600
3,156,349.200808520339,34.920080852034
3,157,164.391589309504,16.439158930950
3,158,430.070724093164,43.007072409316
3,159,299.117886889196,29.911788688920
3,160,853.673972372564,85.367397237256
3,161,140.765433104740,14.076543310474
3,162,50.792558315301,5.079255831530
3,163,53.423758886309,5.342375888631
3,164,44.928676269265,4.492867626926
3,165,1310.035516434301,131.003551643430
3,166,420.784973613494,42.078497361349
3,167,1748.413278274393,174.841327827439
3,168,111.343805954577,11.134380595458
3,169,31.378595780249,3.137859578025
3,170,137.883544109859,13.788354410986
3,171,38.598707909872,3.859870790987
3,172,407.076885181687,40.707688518169
3,173,42.242084406421,4.224208440642
3,174,306.313329907404,30.631332990740
3,175,138.882243391201,13.888224339120
3,176,402.451141269223,40.245114126922
3,177,514.575336290003,51.457533629000
3,178,581.654076493267,58.165407649327
3,179,310.460538741953,31.046053874195
3,180,290.372401370403,29.037240137040
3,181,263.241289794252,26.324128979425
3,182,475.238153961565,47.523815396156
3,183,214.983825303406,21.498382530341
3,184,424.768806689342,42.476880668934
3,185,242.748853096731,24.274885309673
3,186,363.506323442020,36.350632344202
3,187,50.239216441197,5.023921644120
3,188,45.883519352535,4.588351935254
3,189,83.755858981850,8.375585898185
3,190,150.289994287970,15.028999428797
3,191,209.172079597004,20.917207959700
3,192,104.482766446663,10.448276644666
3,193,29.802684975332,2.980268497533
4,1,51.616221260176,5.161622126018
4,2,62.384853742682,6.238485374268
4,3,286.121186104534,28.612118610453
4,4,66.361990743188,6.636199074319
4,5,74.937128137101,7.493712813710
4,6,63.759586968086,6.375958696809
4,7,430.218218225663,43.021821822566
4,8,982.044879770610,98.204487977061
4,9,248.623592852737,24.862359285274
4,10,546.216223244714,54.621622324471
4,11,452.420737621688,45.242073762169
4,12,248.248685812443,24.824868581244
4,13,267.568565643318,26.756856564332
4,14,286.947503889106,28.694750388911
4,15,84.884665310108,8.488466531011
4,16,365.686482762319,36.568648276232
4,17,394.322702539649,39.432270253965
4,18,411.689265577008,41.168926557701
4,19,387.578209333300,38.757820933330
4,20,200.152746100442,20.015274610044
4,21,604.149639245486,60.414963924549
4,22,487.865231471143,48.786523147114
4,23,285.494544654109,28.549454465411
4,24,467.074835999709,46.707483599971
4,25,377.710731591985,37.771073159199
4,26,445.807417432845,44.580741743285
4,27,25.393951689384,2.539395168938
4,28,101.069615583246,10.106961558325
4,29,491.522519652596,49.152251965260
4,30,381.903712376064,38.190371237606
4,31,310.597648928564,31.059764892856
4,32,128.060311246850,12.806031124685
4,33,369.285045878333,36.928504587833
4,34,825.867429433665,82.586742943367
4,35,503.125470307018,50.312547030702
4,36,580.412712226635,58.041271222664
4,37,711.574618083952,71.157461808395
4,38,288.195842106112,28.819584210611
4,39,556.010919684489,55.601091968449
4,40,842.817861212608,84.281786121261
4,41,152.286984199339,15.228698419934
4,42,929.409220264680,92.940922026468
4,43,484.417453433280,48.441745343328
4,44,149.456458268420,14.945645826842
4,45,273.647415510936,27.364741551094
4,46,860.855623413243,86.085562341324
4,47,2180.414844193083,218.041484419308
4,48,152.093641505175,15.209364150517
4,49,311.172899001949,31.117289900195
4,50,370.039137943820,37.003913794382
4,51,1482.469885999307,148.246988599931
4,52,341.159850842648,34.115985084265
4,53,708.042113721779,70.804211372178
4,54,304.216395530965,30.421639553096
4,55,885.520984271802,88.552098427180
4,56,123.030345495074,12.303034549507
4,57,1394.303450688740,139.430345068874
4,58,1043.737088867272,104.373708886727
4,59,94.774533024338,9.477453302434
4,60,138.020793491047,13.802079349105
4,61,660.767102644541,66.076710264454
4,62,777.724431887769,77.772443188777
4,63,107.749383433646,10.774938343365
4,64,392.605452731048,39.260545273105
4,65,93.367964924291,9.336796492429
4,66,26.971528068924,2.697152806892
4,67,21.369479063754,2.136947906375
4,68,33.738911272399,3.373891127240
4,69,35.106977508349,3.510697750835
4,70,193.631652599046,19.363165259905
4,71,218.372739346152,21.837273934615
4,72,76.240524575347,7.624052457535
4,73,247.588876089484,24.758887608948
4,74,70.410631205589,7.041063120559
4,75,146.123963589865,14.612396358986
4,76,65.049260519706,6.504926051971
4,77,268.258876843029,26.825887684303
4,78,64.925698981826,6.492569898183
4,79,118.348841058758,11.834884105876
4,80,31.403520424927,3.140352042493
4,81,171.410298957813,17.141029895781
4,82,74.530275105673,7.453027510567
4,83,195.997489365024,19.599748936502
4,84,285.902675525181,28.590267552518
4,85,184.595659559130,18.459565955913
4,86,180.768918729055,18.076891872905
4,87,41.354668883888,4.135466888389
4,88,11.628285214347,1.162828521435
4,89,62.726203602724,6.272620360272
4,90,125.622304320033,12.562230432003
4,91,42.052369330243,4.205236933024
4,92,21.342755547693,2.134275554769
4,93,83.211028724185,8.321102872419
4,94,30.758266962275,3.075826696228
4,95,47.265343942530,4.726534394253
4,96,122.283364885005,12.228336488500
4,97,38.049175512621,3.804917551262
4,98,196.166497547682,19.616649754768
4,99,629.387694498139,62.938769449814
4,100,147.495585553524,14.749558555352
4,101,230.029748173397,23.002974817340
4,102,67.719945378467,6.771994537847
4,103,70.993326083864,7.099332608386
4,104,149.975261164428,14.997526116443
4,105,100.538700989730,10.053870098973
4,106,118.985705226346,11.898570522635
4,107,22.592371604345,2.259237160434
4,108,617.570344574527,61.757034457453
4,109,323.401824407852,32.340182440785
4,110,189.258051959011,18.925805195901
4,111,119.849913734314,11.984991373431
4,112,22.157183867738,2.215718386774
4,113,470.984080824277,47.098408082428
4,114,52.097689015242,5.209768901524
4,115,22.717766564324,2.271776656432
4,116,32.069997137339,3.206999713734
4,117,193.643153155854,19.364315315585
4,118,70.327849419869,7.032784941987
4,119,70.849874694113,7.084987469411
4,120,29.050128705929,2.905012870593
4,121,67.604884252141,6.760488425214
4,122,55.983543818475,5.598354381847
4,123,45.533093407658,4.553309340766
4,124,88.487950876984,8.848795087698
4,125,18.845856880699,1.884585688070
4,126,313.961089549835,31.396108954984
4,127,247.399533588992,24.739953358899
4,128,373.796319850591,37.379631985059
4,129,44.242975390074,4.424297539007
4,130,55.968654208694,5.596865420869
4,131,143.428666428370,14.342866642837
4,132,76.993116568207,7.699311656821
4,133,230.444490475678,23.044449047568
4,134,525.023530517980,52.502353051798
4,135,111.423227972244,11.142322797224
4,136,128.131370242780,12.813137024278
4,137,1524.872883416582,152.487288341658
4,138,32.951484259642,3.295148425964
4,139,34.959581483171,3.495958148317
4,140,40.427123976107,4.042712397611
4,141,42.021645620510,4.202164562051
4,142,57.098486688156,5.709848668816
4,143,82.096085854503,8.209608585450
4,144,37.764995087146,3.776499508715
4,145,117.309401844642,11.730940184464
4,146,34.310272268602,3.431027226860
4,147,46.509307338452,4.650930733845
4,148,251.806746967524,25.180674696752
4,149,996.173786054396,99.617378605440
4,150,553.970543120354,55.397054312035
4,151,468.192445665172,46.819244566517
4,152,209.829936851092,20.982993685109
4,153,164.424627407968,16.442462740797
4,154,112.543282200507,11.254328220051
4,155,315.360212844992,31.536021284499
4,156,339.745726821221,33.974572682122
4,157,159.940465859488,15.994046585949
4,158,418.425980628994,41.842598062899
4,159,291.018867673895,29.101886767389
4,160,830.559601053108,83.055960105311
4,161,136.954019620170,13.695401962017
4,162,49.417281463528,4.941728146353
4,163,51.977238739107,5.197723873911
4,164,43.712171913049,4.371217191305
4,165,1274.564542328834,127.456454232883
4,166,409.391654336442,40.939165433644
4,167,1701.072636481621,170.107263648162
4,168,108.329022608421,10.832902260842
4,169,30.528978083305,3.052897808331
4,170,134.150161647067,13.415016164707
4,171,37.553595963211,3.755359596321
4,172,396.054730841539,39.605473084154
4,173,41.098323139384,4.109832313938
4,174,298.019484391766,29.801948439177
4,175,135.121819801734,13.512181980173
4,176,391.554235168897,39.155423516890
4,177,500.642516759632,50.064251675963
4,178,565.905009825374,56.590500982537
4,179,302.054401967541,30.205440196754
4,180,282.510177941540,28.251017794154
4,181,256.113677713019,25.611367771302
4,182,462.370441566268,46.237044156627
4,183,209.162848997979,20.916284899798
4,184,413.267619771985,41.326761977198
4,185,236.176101309236,23.617610130924
4,186,353.663900680017,35.366390068002
4,187,48.878922065121,4.887892206512
4,188,44.641161335211,4.464116133521
4,189,81.488056416303,8.148805641630
4,190,146.220690495193,14.622069049519
4,191,203.508464125596,20.350846412560
4,192,101.653754975902,10.165375497590
4,193,28.995737183634,2.899573718363
5,1,50.941523007509,5.094152300751
5,2,61.569393974697,6.156939397470
5,3,282.381170667474,28.238117066747
5,4,65.494544074199,6.549454407420
5,5,73.957592088556,7.395759208856
5,6,62.926157459534,6.292615745953
5,7,424.594647320709,42.459464732071
5,8,969.208140694302,96.920814069430
5,9,245.373724893127,24.537372489313
5,10,539.076391571566,53.907639157157
5,11,446.506947853835,44.650694785383
5,12,245.003718427088,24.500371842709
5,13,264.071059640346,26.407105964035
5,14,283.196687290090,28.319668729009
5,15,83.775100642941,8.377510064294
5,16,360.906434457349,36.090643445735
5,17,389.168337654056,38.916833765406
5,18,406.307894733790,40.630789473379
5,19,382.512004674673,38.251200467467
5,20,197.536461824618,19.753646182462
5,21,596.252534498245,59.625253449825
5,22,481.488131188047,48.148813118805
5,23,281.762720322119,28.176272032212
5,24,460.969496088729,46.096949608873
5,25,372.773509060058,37.277350906006
5,26,439.980073271950,43.998007327195
5,27,25.062016216100,2.506201621610
5,28,99.748490336823,9.974849033682
5,29,485.097613352608,48.509761335261
5,30,376.911681554427,37.691168155443
5,31,306.537690917336,30.653769091734
5,32,126.386378786767,12.638637878677
5,33,364.457959177540,36.445795917754
5,34,815.072154266875,81.507215426687
5,35,496.548896753186,49.654889675319
5,36,572.825883256898,57.282588325690
5,37,702.273314351478,70.227331435148
5,38,284.428707931086,28.442870793109
5,39,548.743057240937,54.874305724094
5,40,831.801019522271,83.180101952227
5,41,150.296374277986,15.029637427799
5,42,917.260504965193,91.726050496519
5,43,478.085420568157,47.808542056816
5,44,147.502847392195,14.750284739220
5,45,270.070450196845,27.007045019685
5,46,849.603002226816,84.960300222682
5,47,2151.913686038729,215.191368603873
5,48,150.105558850924,15.010555885092
5,49,307.105421644866,30.710542164487
5,50,365.202194175103,36.520219417510
5,51,1463.091872318810,146.309187231881
5,52,336.700400894086,33.670040089409
5,53,698.786984902200,69.878698490220
5,54,300.239849679946,30.023984967995
5,55,873.945951342199,87.394595134220
5,56,121.422161922082,12.142216192208
5,57,1376.077899129560,137.607789912956
5,58,1030.093943884749,103.009394388475
5,59,93.535693561322,9.353569356132
5,60,136.216663201641,13.621666320164
5,61,652.129926216476,65.212992621648
5,62,767.558454944082,76.755845494408
5,63,106.340944013755,10.634094401376
5,64,387.473534770414,38.747353477041
5,65,92.147511329443,9.214751132944
5,66,26.618971403295,2.661897140330
5,67,21.090149236179,2.109014923618
5,68,33.297895174617,3.329789517462
5,69,34.648078817142,3.464807881714
5,70,191.100608394723,19.110060839472
5,71,215.518293552371,21.551829355237
5,72,75.243951260650,7.524395126065
5,73,244.352533366227,24.435253336623
5,74,69.490262982504,6.949026298250
5,75,144.213913212292,14.421391321229
5,76,64.198973122868,6.419897312287
5,77,264.752347479786,26.475234747979
5,78,64.077026712010,6.407702671201
5,79,116.801851482264,11.680185148226
5,80,30.993031244568,3.099303124457
5,81,169.169719807065,16.916971980706
5,82,73.556057211436,7.355605721144
5,83,193.435520271333,19.343552027133
5,84,282.165516335682,28.216551633568
5,85,182.182728780515,18.218272878051
5,86,178.406008957178,17.840600895718
5,87,40.814103880205,4.081410388021
5,88,11.476286801366,1.147628680137
5,89,61.906281901097,6.190628190110
5,90,123.980240117124,12.398024011712
5,91,41.502684378208,4.150268437821
5,92,21.063775034909,2.106377503491
5,93,82.123340894426,8.212334089443
5,94,30.356212172757,3.035621217276
5,95,46.647517914371,4.664751791437
5,96,120.684945422986,12.068494542299
5,97,37.551818061668,3.755181806167
5,98,193.602319273955,19.360231927395
5,99,621.160692068272,62.116069206827
5,100,145.567606104051,14.556760610405
5,101,227.022928507700,22.702292850770
5,102,66.834748289217,6.683474828922
5,103,70.065341200616,7.006534120062
5,104,148.014868788146,14.801486878815
5,105,99.224515560671,9.922451556067
5,106,117.430390919165,11.743039091917
5,107,22.297056812349,2.229705681235
5,108,609.497811905327,60.949781190533
5,109,319.174497406569,31.917449740657
5,110,186.784177005704,18.678417700570
5,111,118.283302978923,11.828330297892
5,112,21.867557605401,2.186755760540
5,113,464.827641460682,46.482764146068
5,114,51.416697286510,5.141669728651
5,115,22.420812679843,2.242081267984
5,116,31.650796147741,3.165079614774
5,117,191.111958622712,19.111195862271
5,118,69.408563273790,6.940856327379
5,119,69.923764926859,6.992376492686
5,120,28.670401740275,2.867040174027
5,121,66.721191177307,6.672119117731
5,122,55.251758378350,5.525175837835
5,123,44.937910385526,4.493791038553
5,124,87.331286084770,8.733128608477
5,125,18.599514424840,1.859951442484
5,126,309.857166531973,30.985716653197
5,127,244.165665844552,24.416566584455
5,128,368.910264310312,36.891026431031
5,129,43.664656066038,4.366465606604
5,130,55.237063397186,5.523706339719
5,131,141.553847461406,14.155384746141
5,132,75.986705793692,7.598670579369
5,133,227.432249531557,22.743224953156
5,134,518.160717820707,51.816071782071
5,135,109.966766120058,10.996676612006
5,136,126.456508939414,12.645650893941
5,137,1504.940601570636,150.494060157064
5,138,32.520760965492,3.252076096549
5,139,34.502609470017,3.450260947002
5,140,39.898683318479,3.989868331848
5,141,41.472362271552,4.147236227155
5,142,56.352127341077,5.635212734108
5,143,81.022971931699,8.102297193170
5,144,37.271352283098,3.727135228310
5,145,115.775999233726,11.577599923373
5,146,33.861787660799,3.386178766080
5,147,45.901363796134,4.590136379613
5,148,248.515270605230,24.851527060523
5,149,983.152361851029,98.315236185103
5,150,546.729351333215,54.672935133322
5,151,462.072496988381,46.207249698838
5,152,207.087157773231,20.708715777323
5,153,162.275361032027,16.227536103203
5,154,111.072179628558,11.107217962856
5,155,311.238001273270,31.123800127327
5,156,335.304761507585,33.530476150759
5,157,157.849813924659,15.784981392466
5,158,412.956551230475,41.295655123047
5,159,287.214832494275,28.721483249428
5,160,819.702992454393,81.970299245439
5,161,135.163833599622,13.516383359962
5,162,48.771326516788,4.877132651679
5,163,51.297821468731,5.129782146873
5,164,43.140790953924,4.314079095392
5,165,1257.904150525140,125.790415052514
5,166,404.040316576845,40.404031657684
5,167,1678.837170430962,167.883717043096
5,168,106.913006470808,10.691300647081
5,169,30.129920429226,3.012992042923
5,170,132.396626083081,13.239662608308
5,171,37.062716449772,3.706271644977
5,172,390.877725854824,39.087772585482
5,173,40.561108943290,4.056110894329
5,174,294.123941082497,29.412394108250
5,175,133.355583268109,13.335558326811
5,176,386.436058133790,38.643605813379
5,177,494.098398979953,49.409839897995
5,178,558.507817392783,55.850781739278
5,179,298.106116482041,29.810611648204
5,180,278.817363574967,27.881736357497
5,181,252.765903571125,25.276590357112
5,182,456.326594856971,45.632659485697
5,183,206.428789717846,20.642878971785
5,184,407.865617569255,40.786561756926
5,185,233.088939967613,23.308893996761
5,186,349.041004815218,34.904100481522
5,187,48.240004250054,4.824000425005
5,188,44.057637148152,4.405763714815
5,189,80.422890312799,8.042289031280
5,190,144.309375757843,14.430937575784
5,191,200.848315788576,20.084831578858
5,192,100.324994187437,10.032499418744
5,193,28.616721193409,2.861672119341
6,1,50.743805883703,5.074380588370
6,2,61.330427356261,6.133042735626
6,3,281.285176877244,28.128517687724
6,4,65.240342940924,6.524034294092
6,5,73.670543694083,7.367054369408
6,6,62.681924893830,6.268192489383
6,7,422.946686531650,42.294668653165
6,8,965.446395174475,96.544639517447
6,9,244.421366497088,24.442136649709
6,10,536.984097753867,53.698409775387
6,11,444.773939803100,44.477393980310
6,12,244.052796121097,24.405279612110
6,13,263.046132089896,26.304613208990
6,14,282.097528270562,28.209752827056
6,15,83.449947978322,8.344994797832
6,16,359.505663966581,35.950566396658
6,17,387.657875464190,38.765787546419
6,18,404.730909524411,40.473090952441
6,19,381.027377421301,38.102737742130
6,20,196.769772122921,19.676977212292
6,21,593.938325396857,59.393832539686
6,22,479.619352187647,47.961935218765
6,23,280.669126896390,28.066912689639
6,24,459.180355176802,45.918035517680
6,25,371.326679407335,37.132667940733
6,26,438.272397696446,43.827239769645
6,27,24.964744099554,2.496474409955
6,28,99.361340847586,9.936134084759
6,29,483.214825025633,48.321482502563
6,30,375.448790592284,37.544879059228
6,31,305.347939472780,30.534793947278
6,32,125.895840816432,12.589584081643
6,33,363.043404307912,36.304340430791
6,34,811.908650065958,81.190865006596
6,35,494.621663056616,49.462166305662
6,36,570.602599000909,57.060259900091
6,37,699.547611395596,69.954761139560
6,38,283.324767123280,28.332476712328
6,39,546.613244613039,54.661324461304
6,40,828.572586302205,82.857258630221
6,41,149.713035479180,14.971303547918
6,42,913.700381550840,91.370038155084
6,43,476.229848360903,47.622984836090
6,44,146.930350988129,14.693035098813
6,45,269.022237472035,26.902223747203
6,46,846.305474943390,84.630547494339
6,47,2143.561556782250,214.356155678225
6,48,149.522960655758,14.952296065576
6,49,305.913466691661,30.591346669166
6,50,363.784750738459,36.378475073846
6,51,1457.413237292232,145.741323729223
6,52,335.393580231519,33.539358023152
6,53,696.074813285600,69.607481328560
6,54,299.074541773434,29.907454177343
6,55,870.553942826177,87.055394282618
6,56,120.950891351355,12.095089135136
6,57,1370.736987663138,137.073698766314
6,58,1026.095884937748,102.609588493775
6,59,93.172657530748,9.317265753075
6,60,135.687971374768,13.568797137477
6,61,649.598842618135,64.959884261813
6,62,764.579363603575,76.457936360358
6,63,105.928207519991,10.592820751999
6,64,385.969650545473,38.596965054547
6,65,91.789863190356,9.178986319036
6,66,26.515656344110,2.651565634411
6,67,21.008292954674,2.100829295467
6,68,33.168657498278,3.316865749828
6,69,34.513600731591,3.451360073159
6,70,190.358897891807,19.035889789181
6,71,214.681811747100,21.468181174710
6,72,74.951910176114,7.495191017611
6,73,243.404138476570,24.340413847657
6,74,69.220553438732,6.922055343873
6,75,143.654182005810,14.365418200581
6,76,63.949800432935,6.394980043293
6,77,263.724775676394,26.372477567639
6,78,63.828327327392,6.382832732739
6,79,116.348513522054,11.634851352205
6,80,30.872739336633,3.087273933663
6,81,168.513128710834,16.851312871083
6,82,73.270567276866,7.327056727687
6,83,192.684747376220,19.268474737622
6,84,281.070359555256,28.107035955526
6,85,181.475630856957,18.147563085696
6,86,177.713569452467,17.771356945247
6,87,40.655693869011,4.065569386901
6,88,11.431744387155,1.143174438716
6,89,61.666007734163,6.166600773416
6,90,123.499040988448,12.349904098845
6,91,41.341601809392,4.134160180939
6,92,20.982021118448,2.098202111845
6,93,81.804599133279,8.180459913328
6,94,30.238391923065,3.023839192306
6,95,46.466466926294,4.646646692629
6,96,120.216536178682,12.021653617868
6,97,37.406069818929,3.740606981893
6,98,192.850898989107,19.285089898911
6,99,618.749808015227,61.874980801523
6,100,145.002620868060,14.500262086806
6,101,226.141794261758,22.614179426176
6,102,66.575345479450,6.657534547945
6,103,69.793399630699,6.979339963070
6,104,147.440385097643,14.744038509764
6,105,98.839399752007,9.883939975201
6,106,116.974613436100,11.697461343610
6,107,22.210516212815,2.221051621281
6,108,607.132194483215,60.713219448321
6,109,317.935699273072,31.793569927307
6,110,186.059219680725,18.605921968072
6,111,117.824215125273,11.782421512527
6,112,21.782684002510,2.178268400251
6,113,463.023526096459,46.302352609646
6,114,51.217135889385,5.121713588938
6,115,22.333791752028,2.233379175203
6,116,31.527951285416,3.152795128542
6,117,190.370204066648,19.037020406665
6,118,69.139170827555,6.913917082755
6,119,69.652372850793,6.965237285079
6,120,28.559124553498,2.855912455350
6,121,66.462229111833,6.646222911183
6,122,55.037312124944,5.503731212494
6,123,44.763494823001,4.476349482300
6,124,86.992330951835,8.699233095184
6,125,18.527324936204,1.852732493620
6,126,308.654531350686,30.865453135069
6,127,243.217996235702,24.321799623570
6,128,367.478428901879,36.747842890188
6,129,43.495182330279,4.349518233028
6,130,55.022674178773,5.502267417877
6,131,141.004440652751,14.100444065275
6,132,75.691781888203,7.569178188820
6,133,226.549526605678,22.654952660568
6,134,516.149603100379,51.614960310038
6,135,109.539956880213,10.953995688021
6,136,125.965698775959,12.596569877596
6,137,1499.099540886283,149.909954088628
6,138,32.394539546452,3.239453954645
6,139,34.368695988334,3.436869598833
6,140,39.743826289407,3.974382628941
6,141,41.311397390613,4.131139739061
6,142,56.133410273342,5.613341027334
6,143,80.708500984882,8.070850098488
6,144,37.126692600020,3.712669260002
6,145,115.326642869355,11.532664286936
6,146,33.730361373010,3.373036137301
6,147,45.723208823673,4.572320882367
6,148,247.550719064074,24.755071906407
6,149,979.336495230417,97.933649523042
6,150,544.607354414718,54.460735441472
6,151,460.279075046901,46.027907504690
6,152,206.283399369582,20.628339936958
6,153,161.645528711487,16.164552871149
6,154,110.641079995206,11.064107999521
6,155,310.030006717992,31.003000671799
6,156,334.003357679637,33.400335767964
6,157,157.237158288161,15.723715828816
6,158,411.353760879001,41.135376087900
6,159,286.100078022043,28.610007802204
6,160,816.521514782068,81.652151478207
6,161,134.639228074619,13.463922807462
6,162,48.582032482497,4.858203248250
6,163,51.098721459161,5.109872145916
6,164,42.973350473104,4.297335047310
6,165,1253.021901703726,125.302190170373
6,166,402.472132420216,40.247213242022
6,167,1672.321172536161,167.232117253616
6,168,106.498049655841,10.649804965584
6,169,30.012978475864,3.001297847586
6,170,131.882760800592,13.188276080059
6,171,36.918866535906,3.691886653591
6,172,389.360629090675,38.936062909067
6,173,40.403680870371,4.040368087037
6,174,292.982370586763,29.298237058676
6,175,132.837996026690,13.283799602669
6,176,384.936200621922,38.493620062192
6,177,492.180676294107,49.218067629411
6,178,556.340105224826,55.634010522483
6,179,296.949090141645,29.694909014165
6,180,277.735201834634,27.773520183463
6,181,251.784854232597,25.178485423260
6,182,454.555474236222,45.455547423622
6,183,205.627586609576,20.562758660958
6,184,406.282586437796,40.628258643780
6,185,232.184261974487,23.218426197449
6,186,347.686287101890,34.768628710189
6,187,48.052772413831,4.805277241383
6,188,43.886638151964,4.388663815196
6,189,80.110748436742,8.011074843674
6,190,143.749274036723,14.374927403672
6,191,200.068771931731,20.006877193173
6,192,99.935607138809,9.993560713881
6,193,28.505652354610,2.850565235461
7,1,52.124054762499,5.212405476250
7,2,62.998635960647,6.299863596065
7,3,288.936229912098,28.893622991210
7,4,67.014902586742,6.701490258674
7,5,75.674407684243,7.567440768424
7,6,64.386894693567,6.438689469357
7,7,434.450981089560,43.445098108956
7,8,991.706867389164,99.170686738916
7,9,251.069711278999,25.106971127900
7,10,551.590248907652,55.159024890765
7,11,456.871943116797,45.687194311680
7,12,250.691115662698,25.069111566270
7,13,270.201076867208,27.020107686721
7,14,289.770677541209,28.977067754121
7,15,85.719815110413,8.571981511041
7,16,369.284341008419,36.928434100842
7,17,398.202302289248,39.820230228925
7,18,415.739728716356,41.573972871636
7,19,391.391452431390,39.139145243139
7,20,202.121977236899,20.212197723690
7,21,610.093651025790,61.009365102579
7,22,492.665162638340,49.266516263834
7,23,288.303423161023,28.830342316102
7,24,471.670217916900,47.167021791690
7,25,381.426892112968,38.142689211297
7,26,450.193556840753,45.019355684075
7,27,25.643793679158,2.564379367916
7,28,102.064003308790,10.206400330879
7,29,496.358433567481,49.635843356748
7,30,385.661126132265,38.566112613227
7,31,313.653507881773,31.365350788177
7,32,129.320250753876,12.932025075388
7,33,372.918309097247,37.291830909725
7,34,833.992843090543,83.399284309054
7,35,508.075541495029,50.807554149503
7,36,586.123184889041,58.612318488904
7,37,718.575545731180,71.857554573118
7,38,291.031297710542,29.103129771054
7,39,561.481311855392,56.148131185539
7,40,851.110044092920,85.111004409292
7,41,153.785281258985,15.378528125899
7,42,938.553344493366,93.855334449337
7,43,489.183463148006,48.918346314801
7,44,150.926906797860,15.092690679786
7,45,276.339734360084,27.633973436008
7,46,869.325273371322,86.932527337132
7,47,2201.867164409676,220.186716440968
7,48,153.590036335345,15.359003633534
7,49,314.234417634467,31.423441763447
7,50,373.679820404308,37.367982040431
7,51,1497.055375907620,149.705537590762
7,52,344.516400347351,34.451640034735
7,53,715.008286324596,71.500828632460
7,54,307.209471618962,30.720947161896
7,55,894.233307875589,89.423330787559
7,56,124.240796971750,12.424079697175
7,57,1408.021502637861,140.802150263786
7,58,1054.006044021355,105.400604402135
7,59,95.706985688670,9.570698568867
7,60,139.378730613152,13.937873061315
7,61,667.268153356185,66.726815335618
7,62,785.376183845685,78.537618384569
7,63,108.809491001119,10.880949100112
7,64,396.468157075223,39.646815707522
7,65,94.286578869185,9.428657886918
7,66,27.236891267311,2.723689126731
7,67,21.579725709689,2.157972570969
7,68,34.070856328773,3.407085632877
7,69,35.452382478119,3.545238247812
7,70,195.536725033627,19.553672503363
7,71,220.521230466319,22.052123046632
7,72,76.990627772923,7.699062777292
7,73,250.024814308343,25.002481430834
7,74,71.103376171666,7.110337617167
7,75,147.561624898490,14.756162489849
7,76,65.689256881058,6.568925688106
7,77,270.898179791413,27.089817979141
7,78,65.564479665490,6.556447966549
7,79,119.513232891082,11.951323289108
7,80,31.712488407729,3.171248840773
7,81,173.096743457794,17.309674345779
7,82,75.263551771651,7.526355177165
7,83,197.925838419657,19.792583841966
7,84,288.715569485466,28.871556948547
7,85,186.411830096586,18.641183009659
7,86,182.547439334944,18.254743933494
7,87,41.761542650002,4.176154265000
7,88,11.742691745128,1.174269174513
7,89,63.343344239626,6.334334423963
7,90,126.858257150659,12.685825715066
7,91,42.466107521002,4.246610752100
7,92,21.552739270531,2.155273927053
7,93,84.029712213934,8.402971221393
7,94,31.060886527511,3.106088652751
7,95,47.730370722229,4.773037072223
7,96,123.486467087167,12.348646708717
7,97,38.423527714106,3.842352771411
7,98,198.096509413253,19.809650941325
7,99,635.580014459047,63.558001445905
7,100,148.946741759075,14.894674175908
7,101,232.292928425678,23.229292842568
7,102,68.386217651001,6.838621765100
7,103,71.691803976017,7.169180397602
7,104,151.450814009629,15.145081400963
7,105,101.527865236862,10.152786523686
7,106,120.156362936970,12.015636293697
7,107,22.814649851716,2.281464985172
7,108,623.646397864738,62.364639786474
7,109,326.583659054733,32.658365905473
7,110,191.120094104342,19.112009410434
7,111,121.029074082726,12.102907408273
7,112,22.375180458935,2.237518045893
7,113,475.617924400268,47.561792440027
7,114,52.610259506254,5.261025950625
7,115,22.941278527766,2.294127852777
7,116,32.385522345658,3.238552234566
7,117,195.548338740291,19.554833874029
7,118,71.019779925624,7.101977992562
7,119,71.546941219454,7.154694121945
7,120,29.335942511037,2.933594251104
7,121,68.270024479490,6.827002447949
7,122,56.534345842251,5.653434584225
7,123,45.981077195163,4.598107719516
7,124,89.358552112606,8.935855211261
7,125,19.031274512412,1.903127451241
7,126,317.050040189898,31.705004018990
7,127,249.833608934847,24.983360893485
7,128,377.473967877330,37.747396787733
7,129,44.678266168767,4.467826616877
7,130,56.519309738936,5.651930973894
7,131,144.839809674187,14.483980967419
7,132,77.750624248680,7.775062424868
7,133,232.711751228832,23.271175122883
7,134,530.189048872395,53.018904887240
7,135,112.519481179468,11.251948117947
7,136,129.392008873800,12.939200887380
7,137,1539.875561219741,153.987556121974
7,138,33.275682103842,3.327568210384
7,139,35.303536276275,3.530353627627
7,140,40.824871960295,4.082487196030
7,141,42.435081531699,4.243508153170
7,142,57.660258235245,5.766025823524
7,143,82.903799820940,8.290379982094
7,144,38.136551339272,3.813655133927
7,145,118.463567007061,11.846356700706
7,146,34.647838741049,3.464783874105
7,147,46.966895744958,4.696689574496
7,148,254.284183306316,25.428418330632
7,149,1005.974782918240,100.597478291824
7,150,559.420860757490,55.942086075749
7,151,472.798823343323,47.279882334332
7,152,211.894378399151,21.189437839915
7,153,166.042342389153,16.604234238915
7,154,113.650555219869,11.365055521987
7,155,318.462928957726,31.846292895773
7,156,343.088363266482,34.308836326648
7,157,161.514062782270,16.151406278227
7,158,422.542723893378,42.254272389338
7,159,293.882098015147,29.388209801515
7,160,838.731179304930,83.873117930493
7,161,138.301461136479,13.830146113648
7,162,49.903480385266,4.990348038527
7,163,52.488624163021,5.248862416302
7,164,44.142240306565,4.414224030657
7,165,1287.104526071639,128.710452607164
7,166,413.419512102231,41.341951210223
7,167,1717.808880507235,171.780888050724
7,168,109.394833037999,10.939483303800
7,169,30.829341757435,3.082934175743
7,170,135.470017009649,13.547001700965
7,171,37.923072335119,3.792307233512
7,172,399.951371396861,39.995137139686
7,173,41.502674811589,4.150267481159
7,174,300.951591291966,30.095159129197
7,175,136.451234960669,13.645123496067
7,176,395.406596960222,39.540659696022
7,177,505.568159057552,50.556815905755
7,178,571.472746403246,57.147274640325
7,179,305.026206975701,30.502620697570
7,180,285.289694333932,28.528969433393
7,181,258.633488399862,25.863348839986
7,182,466.919538632628,46.691953863263
7,183,211.220727307728,21.122072730773
7,184,417.333611772594,41.733361177259
7,185,238.499753327239,23.849975332724
7,186,357.143473049762,35.714347304976
7,187,49.359824261681,4.935982426168
7,188,45.080369722713,4.508036972271
7,189,82.289788199008,8.228978819901
7,190,147.659303465173,14.765930346517
7,191,205.510710969051,20.551071096905
7,192,102.653889839582,10.265388983958
7,193,29.281015850047,2.928101585005
8,1,55.471034924567,5.547103492457
8,2,67.043892718940,6.704389271894
8,3,307.489349657385,30.748934965739
8,4,71.318051114667,7.131805111467
8,5,80.533598751582,8.053359875158
8,6,68.521294064807,6.852129406481
8,7,462.347867118924,46.234786711892
8,8,1055.386165303767,105.538616530377
8,9,267.191353134681,26.719135313468
8,10,587.008859932755,58.700885993275
8,11,486.208519812238,48.620851981224
8,12,266.788447206703,26.678844720670
8,13,287.551178430961,28.755117843096
8,14,308.377378683294,30.837737868329
8,15,91.224040021118,9.122404002112
8,16,392.996758799960,39.299675879996
8,17,423.771594861069,42.377159486107
8,18,442.435131269696,44.243513126970
8,19,416.523407972066,41.652340797207
8,20,215.100596249029,21.510059624903
8,21,649.268871685257,64.926887168526
8,22,524.300086924371,52.430008692437
8,23,306.815909236272,30.681590923627
8,24,501.957018696297,50.195701869630
8,25,405.919005149805,40.591900514981
8,26,479.101302232061,47.910130223206
8,27,27.290428215082,2.729042821508
8,28,108.617718208605,10.861771820860
8,29,528.230509483202,52.823050948320
8,30,410.425127020665,41.042512702067
8,31,333.793768907641,33.379376890764
8,32,137.624138772547,13.762413877255
8,33,396.864070575467,39.686407057547
8,34,887.545037252136,88.754503725214
8,35,540.699994177465,54.069999417747
8,36,623.759218411191,62.375921841119
8,37,764.716585745586,76.471658574559
8,38,309.718945561740,30.971894556174
8,39,597.535045984765,59.753504598476
8,40,905.761364798795,90.576136479880
8,41,163.660113290706,16.366011329071
8,42,998.819558228565,99.881955822857
8,43,520.594821190437,52.059482119044
8,44,160.618197417449,16.061819741745
8,45,294.084010263190,29.408401026319
8,46,925.146227010018,92.514622701002
8,47,2343.253051451037,234.325305145104
8,48,163.452331336147,16.345233133615
8,49,334.411979929914,33.441197992991
8,50,397.674479905707,39.767447990571
8,51,1593.184018767637,159.318401876764
8,52,366.638423714944,36.663842371494
8,53,760.920266137887,76.092026613789
8,54,326.935949380393,32.693594938039
8,55,951.653651618177,95.165365161818
8,56,132.218524043803,13.221852404380
8,57,1498.433118897707,149.843311889771
8,58,1121.685685141244,112.168568514124
8,59,101.852504949036,10.185250494904
8,60,148.328491879846,14.832849187985
8,61,710.114652582676,71.011465258268
8,62,835.806614077362,83.580661407736
8,63,115.796345908797,11.579634590880
8,64,421.926097035358,42.192609703536
8,65,100.340891229617,10.034089122962
8,66,28.985821490861,2.898582149086
8,67,22.965399064962,2.296539906496
8,68,36.258607852645,3.625860785265
8,69,37.728844303527,3.772884430353
8,70,208.092493049475,20.809249304947
8,71,234.681298923170,23.468129892317
8,72,81.934335721111,8.193433572111
8,73,266.079361433040,26.607936143304
8,74,75.669053009107,7.566905300911
8,75,157.036824659294,15.703682465929
8,76,69.907283292159,6.990728329216
8,77,288.293043599180,28.829304359918
8,78,69.774493905108,6.977449390511
8,79,127.187394492931,12.718739449293
8,80,33.748804846926,3.374880484693
8,81,184.211599527829,18.421159952783
8,82,80.096361035134,8.009636103513
8,83,210.635015742291,21.063501574229
8,84,307.254520224258,30.725452022426
8,85,198.381672046736,19.838167204674
8,86,194.269141740374,19.426914174037
8,87,44.443127101246,4.444312710125
8,88,12.496711295206,1.249671129521
8,89,67.410735342162,6.741073534216
8,90,135.004056091521,13.500405609152
8,91,45.192933361406,4.519293336141
8,92,22.936679777565,2.293667977756
8,93,89.425412550099,8.942541255010
8,94,33.055362427314,3.305536242731
8,95,50.795224457483,5.079522445748
8,96,131.415757268214,13.141575726821
8,97,40.890772167780,4.089077216778
8,98,210.816645830156,21.081664583016
8,99,676.391760772611,67.639176077261
8,100,158.510882387501,15.851088238750
8,101,247.208878974268,24.720887897427
8,102,72.777420808156,7.277742080816
8,103,76.295264830779,7.629526483078
8,104,161.175745662183,16.117574566218
8,105,108.047153737982,10.804715373798
8,106,127.871821086355,12.787182108635
8,107,24.279619927550,2.427961992755
8,108,663.691864997128,66.369186499713
8,109,347.554188555792,34.755418855579
8,110,203.392262231985,20.339226223198
8,111,128.800570598760,12.880057059876
8,112,23.811931407417,2.381193140742
8,113,506.158214578096,50.615821457810
8,114,55.988459757386,5.598845975739
8,115,24.414379660723,2.441437966072
8,116,34.465055515574,3.446505551557
8,117,208.104852493324,20.810485249332
8,118,75.580088896379,7.558008889638
8,119,76.141100173689,7.614110017369
8,120,31.219656624749,3.121965662475
8,121,72.653766662210,7.265376666221
8,122,60.164518799280,6.016451879928
8,123,48.933605618056,4.893360561806
8,124,95.096426930572,9.509642693057
8,125,20.253307190839,2.025330719084
8,126,337.408398720017,33.740839872002
8,127,265.875878415471,26.587587841547
8,128,401.712256474393,40.171225647439
8,129,47.547138731038,4.754713873104
8,130,60.148517200480,6.014851720048
8,131,154.140236739312,15.414023673931
8,132,82.743132949979,8.274313294998
8,133,247.654595149781,24.765459514978
8,134,564.233449999806,56.423344999981
8,135,119.744561290174,11.974456129017
8,136,137.700504611594,13.770050461159
8,137,1638.753765897786,163.875376589779
8,138,35.412374047482,3.541237404748
8,139,37.570440416905,3.757044041691
8,140,43.446311086485,4.344631108649
8,141,45.159915137018,4.515991513702
8,142,61.362728070572,6.136272807057
8,143,88.227203278807,8.822720327881
8,144,40.585368519053,4.058536851905
8,145,126.070327657342,12.607032765734
8,146,36.872639352843,3.687263935284
8,147,49.982725366206,4.998272536621
8,148,270.612232245177,27.061223224518
8,149,1070.570249585398,107.057024958540
8,150,595.342289582123,59.534228958212
8,151,503.158093925583,50.315809392558
8,152,225.500501026932,22.550050102693
8,153,176.704222562751,17.670422256275
8,154,120.948263647621,12.094826364762
8,155,338.912011640037,33.891201164004
8,156,365.118689781208,36.511868978121
8,157,171.885173903429,17.188517390343
8,158,449.674959114550,44.967495911455
8,159,312.752800928139,31.275280092814
8,160,892.587630634984,89.258763063498
8,161,147.182048974819,14.718204897482
8,162,53.107873436204,5.310787343620
8,163,55.859013987994,5.585901398799
8,164,46.976693675331,4.697669367533
8,165,1369.751843800444,136.975184380044
8,166,439.965929335558,43.996592933556
8,167,1828.112506567782,182.811250656778
8,168,116.419273820268,11.641927382027
8,169,32.808949747295,3.280894974729
8,170,144.168792681501,14.416879268150
8,171,40.358181640576,4.035818164058
8,172,425.632974870663,42.563297487066
8,173,44.167636889081,4.416763688908
8,174,320.276239199476,32.027623919948
8,175,145.213016418078,14.521301641808
8,176,420.796372218629,42.079637221863
8,177,538.031608162750,53.803160816275
8,178,608.168048679506,60.816804867951
8,179,324.612493351738,32.461249335174
8,180,303.608663411240,30.360866341124
8,181,275.240814112819,27.524081411282
8,182,496.901289672644,49.690128967264
8,183,224.783593576244,22.478359357624
8,184,444.131360449890,44.413136044989
8,185,253.814255368218,25.381425536822
8,186,380.076303673862,38.007630367386
8,187,52.529308166181,5.252930816618
8,188,47.975062084006,4.797506208401
8,189,87.573764856193,8.757376485619
8,190,157.140775344032,15.714077534403
8,191,218.706926724714,21.870692672471
8,192,109.245482424190,10.924548242419
8,193,31.161203023164,3.116120302316
9,1,60.341862998653,6.034186299865
9,2,72.930916014891,7.293091601489
9,3,334.489526575488,33.448952657549
9,4,77.580381825295,7.758038182529
9,5,87.605132827695,8.760513282770
9,6,74.538045748950,7.453804574895
9,7,502.945937340959,50.294593734096
9,8,1148.058035766502,114.805803576650
9,9,290.653023640219,29.065302364022
9,10,638.553224276880,63.855322427688
9,11,528.901758028933,52.890175802893
9,12,290.214739149214,29.021473914921
9,13,312.800614547353,31.280061454735
9,14,335.455532093378,33.545553209338
9,15,99.234285652385,9.923428565239
9,16,427.505212597345,42.750521259735
9,17,460.982340686459,46.098234068646
9,18,481.284694132203,48.128469413220
9,19,453.097701417701,45.309770141770
9,20,233.988255806618,23.398825580662
9,21,706.280193939026,70.628019393903
9,22,570.338088308510,57.033808830851
9,23,333.756952364752,33.375695236475
9,24,546.033108893192,54.603310889319
9,25,441.562141946826,44.156214194683
9,26,521.170466371803,52.117046637180
9,27,29.686759635337,2.968675963534
9,28,118.155276538156,11.815527653816
9,29,574.613635355619,57.461363535562
9,30,446.463939595931,44.646393959593
9,31,363.103697283075,36.310369728307
9,32,149.708707227359,14.970870722736
9,33,431.712107198249,43.171210719825
9,34,965.479030918236,96.547903091824
9,35,588.178046730100,58.817804673010
9,36,678.530576411607,67.853057641161
9,37,831.865197983195,83.186519798319
9,38,336.914899939910,33.691489993991
9,39,650.003698880651,65.000369888065
9,40,985.294906765042,98.529490676504
9,41,178.030861475023,17.803086147502
9,42,1086.524400075873,108.652440007587
9,43,566.307468768156,56.630746876816
9,44,174.721839548046,17.472183954805
9,45,319.907084508651,31.990708450865
9,46,1006.381924546268,100.638192454627
9,47,2549.010574511780,254.901057451178
9,48,177.804834499816,17.780483449982
9,49,363.776192484597,36.377619248460
9,50,432.593677351837,43.259367735184
9,51,1733.079109175648,173.307910917565
9,52,398.832391786709,39.883239178671
9,53,827.735529265487,82.773552926549
9,54,355.643702946474,35.564370294647
9,55,1035.216926206644,103.521692620664
9,56,143.828433606560,14.382843360656
9,57,1630.008275420241,163.000827542024
9,58,1220.179216637741,122.017921663774
9,59,110.796020086194,11.079602008619
9,60,161.352993467343,16.135299346734
9,61,772.468751263599,77.246875126360
9,62,909.197534688284,90.919753468828
9,63,125.964248730443,12.596424873044
9,64,458.974792474770,45.897479247477
9,65,109.151673841562,10.915167384156
9,66,31.531022842524,3.153102284252
9,67,24.981956186175,2.498195618618
9,68,39.442421626737,3.944242162674
9,69,41.041757327168,4.104175732717
9,70,226.364781614673,22.636478161467
9,71,255.288310507005,25.528831050701
9,72,89.128866401937,8.912886640194
9,73,289.443389621180,28.944338962118
9,74,82.313438646358,8.231343864636
9,75,170.825991839173,17.082599183917
9,76,76.045736603974,7.604573660397
9,77,313.607621779235,31.360762177923
9,78,75.901287180738,7.590128718074
9,79,138.355528143375,13.835552814337
9,80,36.712236597187,3.671223659719
9,81,200.386942781701,20.038694278170
9,82,87.129501925557,8.712950192556
9,83,229.130559397790,22.913055939779
9,84,334.234077123336,33.423407712334
9,85,215.801268037749,21.580126803775
9,86,211.327622635933,21.132762263593
9,87,48.345611190092,4.834561119009
9,88,13.594028702267,1.359402870227
9,89,73.329970536636,7.332997053664
9,90,146.858559030221,14.685855903022
9,91,49.161256809245,4.916125680924
9,92,24.950715101384,2.495071510138
9,93,97.277723410678,9.727772341068
9,94,35.957904042573,3.595790404257
9,95,55.255476653128,5.525547665313
9,96,142.955177088841,14.295517708884
9,97,44.481329317412,4.448132931741
9,98,229.328138150256,22.932813815026
9,99,735.784703088033,73.578470308803
9,100,172.429484357540,17.242948435754
9,101,268.915918504152,26.891591850415
9,102,79.167896574724,7.916789657472
9,103,82.994637185430,8.299463718543
9,104,175.328345264852,17.532834526485
9,105,117.534611660259,11.753461166026
9,106,139.100053205674,13.910005320567
9,107,26.411576804361,2.641157680436
9,108,721.969648582136,72.196964858214
9,109,378.072398666451,37.807239866645
9,110,221.251830604534,22.125183060453
9,111,140.110354814682,14.011035481468
9,112,25.902821259304,2.590282125930
9,113,550.603205461153,55.060320546115
9,114,60.904722127143,6.090472212714
9,115,26.558169586844,2.655816958684
9,116,37.491380158849,3.749138015885
9,117,226.378226322681,22.637822632268
9,118,82.216662728812,8.221666272881
9,119,82.826935561871,8.282693556187
9,120,33.961007676841,3.396100767684
9,121,79.033384544364,7.903338454436
9,122,65.447474627126,6.544747462713
9,123,53.230391865776,5.323039186578
9,124,103.446701027109,10.344670102711
9,125,22.031719607200,2.203171960720
9,126,367.035722298037,36.703572229804
9,127,289.222039066149,28.922203906615
9,128,436.986005002803,43.698600500280
9,129,51.722181408510,5.172218140851
9,130,65.430067952024,6.543006795202
9,131,167.675058894281,16.767505889428
9,132,90.008682897959,9.000868289796
9,133,269.400772346083,26.940077234608
9,134,613.777939882402,61.377793988240
9,135,130.259150961061,13.025915096106
9,136,149.791778635776,14.979177863578
9,137,1782.650267203436,178.265026720344
9,138,38.521881305009,3.852188130501
9,139,40.869444233713,4.086944423371
9,140,47.261266261619,4.726126626162
9,141,49.125339304276,4.912533930428
9,142,66.750896850821,6.675089685082
9,143,95.974301186983,9.597430118698
9,144,44.149108634025,4.414910863403
9,145,137.140373350515,13.714037335052
9,146,40.110370308642,4.011037030864
9,147,54.371633239732,5.437163323973
9,148,294.374284995829,29.437428499583
9,149,1164.575411631729,116.457541163173
9,150,647.618399839133,64.761839983913
9,151,547.339648730338,54.733964873034
9,152,245.301360567700,24.530136056770
9,153,192.220354346457,19.222035434646
9,154,131.568548610537,13.156854861054
9,155,368.671365205118,36.867136520512
9,156,397.179212303965,39.717921230397
9,157,186.978152278656,18.697815227866
9,158,489.160240361728,48.916024036173
9,159,340.215153579055,34.021515357906
9,160,970.964406835225,97.096440683523
9,161,160.105883136610,16.010588313661
9,162,57.771195857352,5.777119585735
9,163,60.763909919600,6.076390991960
9,164,51.101646431174,5.110164643117
9,165,1490.027691265463,149.002769126546
9,166,478.598675293210,47.859867529321
9,167,1988.636313842813,198.863631384281
9,168,126.641875004103,12.664187500410
9,169,35.689854236056,3.568985423606
9,170,156.828037344144,15.682803734414
9,171,43.901972817743,4.390197281774
9,172,463.007165672690,46.300716567269
9,173,48.045930597101,4.804593059710
9,174,348.399213639682,34.839921363968
9,175,157.963952795120,15.796395279512
9,176,457.745868222501,45.774586822250
9,177,585.275353756254,58.527535375625
9,178,661.570369535758,66.157036953576
9,179,353.116227741528,35.311622774153
9,180,330.268083111813,33.026808311181
9,181,299.409295669690,29.940929566969
9,182,540.533443914552,54.053344391455
9,183,244.521502552955,24.452150255295
9,184,483.129866643312,48.312986664331
9,185,276.101303055932,27.610130305593
9,186,413.450231756272,41.345023175627
9,187,57.141827641905,5.714182764190
9,188,52.187680066933,5.218768006693
9,189,95.263485320125,9.526348532012
9,190,170.939070277057,17.093907027706
9,191,237.911252732628,23.791125273263
9,192,118.838163784515,11.883816378451
9,193,33.897421352494,3.389742135249
10,1,65.234994981875,6.523499498187
10,2,78.844896458718,7.884489645872
10,3,361.613339451068,36.161333945107
10,4,83.871388246300,8.387138824630
10,5,94.709048020754,9.470904802075
10,6,80.582348617577,8.058234861758
10,7,543.729909355374,54.372990935537
10,8,1241.154258094435,124.115425809443
10,9,314.222127000948,31.422212700095
10,10,690.333614364746,69.033361436475
10,11,571.790491978887,57.179049197889
10,12,313.748301945663,31.374830194566
10,13,338.165669839851,33.816566983985
10,14,362.657678521498,36.265767852150
10,15,107.281210835466,10.728121083547
10,16,462.171683349184,46.217168334918
10,17,498.363477476416,49.836347747642
10,18,520.312152232827,52.031215223283
10,19,489.839471461839,48.983947146184
10,20,252.962403459489,25.296240345949
10,21,763.552575571601,76.355257557160
10,22,616.586901362466,61.658690136247
10,23,360.821360672384,36.082136067238
10,24,590.311027012544,59.031102701254
10,25,477.368491501998,47.736849150200
10,26,563.432268559972,56.343226855997
10,27,32.094064047751,3.209406404775
10,28,127.736508105836,12.773650810584
10,29,621.209153250333,62.120915325033
10,30,482.667776760206,48.266777676021
10,31,392.547838151607,39.254783815161
10,32,161.848611882232,16.184861188223
10,33,466.719715752250,46.671971575225
10,34,1043.769890539554,104.376989053955
10,35,635.873505061382,63.587350506138
10,36,733.552736816364,73.355273681636
10,37,899.321289056682,89.932128905668
10,38,364.235386756117,36.423538675612
10,39,702.712609911069,70.271260991107
10,40,1065.192639145389,106.519263914539
10,41,192.467414458206,19.246741445821
10,42,1174.630849369313,117.463084936931
10,43,612.229438194736,61.222943819474
10,44,188.890063377646,18.889006337765
10,45,345.848404664835,34.584840466484
10,46,1087.989606802349,108.798960680235
10,47,2755.710277634858,275.571027763486
10,48,192.223058916951,19.222305891695
10,49,393.274866103952,39.327486610395
10,50,467.672772580256,46.767277258026
10,51,1873.614790328728,187.361479032873
10,52,431.173778598716,43.117377859872
10,53,894.856744796878,89.485674479688
10,54,384.482911599309,38.448291159931
10,55,1119.162843675379,111.916284367538
10,56,155.491505868560,15.549150586856
10,57,1762.185925048885,176.218592504888
10,58,1319.123757848316,131.912375784832
10,59,119.780488290459,11.978048829046
10,60,174.437135283471,17.443713528347
10,61,835.108374321507,83.510837432151
10,62,982.924518161586,98.292451816159
10,63,136.178711187780,13.617871118778
10,64,496.193136837143,49.619313683714
10,65,118.002801727824,11.800280172782
10,66,34.087878873599,3.408787887360
10,67,27.007747282827,2.700774728283
10,68,42.640814337314,4.264081433731
10,69,44.369840443026,4.436984044303
10,70,244.720740442437,24.472074044244
10,71,275.989683235793,27.598968323579
10,72,96.356341410943,9.635634141094
10,73,312.914403552573,31.291440355257
10,74,88.988249453881,8.898824945388
10,75,184.678300712245,18.467830071224
10,76,82.212298381706,8.221229838171
10,77,339.038117426087,33.903811742609
10,78,82.056135530053,8.205613553005
10,79,149.574801566024,14.957480156602
10,80,39.689238137118,3.968923813712
10,81,216.636354218785,21.663635421879
10,82,94.194848127474,9.419484812747
10,83,247.710795618670,24.771079561867
10,84,361.337175559184,36.133717555918
10,85,233.300629744214,23.330062974421
10,86,228.464215672201,22.846421567220
10,87,52.265965063951,5.226596506395
10,88,14.696370813007,1.469637081301
10,89,79.276310379832,7.927631037983
10,90,158.767344680686,15.876734468069
10,91,53.147751525758,5.314775152576
10,92,26.973972853130,2.697397285313
10,93,105.165990627195,10.516599062719
10,94,38.873736626732,3.887373662673
10,95,59.736152698308,5.973615269831
10,96,154.547436830576,15.454743683058
10,97,48.088327913794,4.808832791379
10,98,247.924396065940,24.792439606594
10,99,795.449610409937,79.544961040994
10,100,186.411820712969,18.641182071297
10,101,290.722356294440,29.072235629444
10,102,85.587634838073,8.558763483807
10,103,89.724686498906,8.972468649891
10,104,189.545750746682,18.954575074668
10,105,127.065513406916,12.706551340692
10,106,150.379700292867,15.037970029287
10,107,28.553296081269,2.855329608127
10,108,780.514290773110,78.051429077311
10,109,408.730354088372,40.873035408837
10,110,239.193179361062,23.919317936106
10,111,151.471927432014,15.147192743201
10,112,28.003285462115,2.800328546211
10,113,595.251713492248,59.525171349225
10,114,65.843496453289,6.584349645329
10,115,28.711776097537,2.871177609754
10,116,40.531562583354,4.053156258335
10,117,244.735275384116,24.473527538412
10,118,88.883625960642,8.888362596064
10,119,89.543385922032,8.954338592203
10,120,36.714911593426,3.671491159343
10,121,85.442215204182,8.544221520418
10,122,70.754621529870,7.075462152987
10,123,57.546853439455,5.754685343946
10,124,111.835211692844,11.183521169284
10,125,23.818275515455,2.381827551545
10,126,396.798711747031,39.679871174703
10,127,312.675103643205,31.267510364321
10,128,472.421274831105,47.242127483111
10,129,55.916341938450,5.591634193845
10,130,70.735803344509,7.073580334451
10,131,181.271858076344,18.127185807634
10,132,97.307502376992,9.730750237699
10,133,291.246527017277,29.124652701728
10,134,663.549297924527,66.354929792453
10,135,140.821887774294,14.082188777429
10,136,161.938419565354,16.193841956535
10,137,1927.205682032895,192.720568203289
10,138,41.645627243573,4.164562724357
10,139,44.183554451373,4.418355445137
10,140,51.093690419910,5.109369041991
10,141,53.108921464173,5.310892146417
10,142,72.163738484444,7.216373848444
10,143,103.756873672621,10.375687367262
10,144,47.729167398414,4.772916739841
10,145,148.261109663337,14.826110966334
10,146,43.362927091990,4.336292709199
10,147,58.780638271467,5.878063827147
10,148,318.245146075862,31.824514607586
10,149,1259.011030791457,125.901103079146
10,150,700.133886562616,70.013388656262
10,151,591.723514388377,59.172351438838
10,152,265.192889819100,26.519288981910
10,153,207.807535731625,20.780753573162
10,154,142.237464702947,14.223746470295
10,155,398.566989216986,39.856698921699
10,156,429.386542509181,42.938654250918
10,157,202.140242602233,20.214024260223
10,158,528.826327852066,52.882632785207
10,159,367.803258526887,36.780325852689
10,160,1049.700076527124,104.970007652712
10,161,173.088896562882,17.308889656288
10,162,62.455872002749,6.245587200275
10,163,65.691265759771,6.569126575977
10,164,55.245487673750,5.524548767375
10,165,1610.854291401764,161.085429140176
10,166,517.408323667130,51.740832366713
10,167,2149.895172398083,214.989517239808
10,168,136.911286291780,13.691128629178
10,169,38.583950615594,3.858395061559
10,170,169.545249694908,16.954524969491
10,171,47.461991296553,4.746199129655
10,172,500.552495866832,50.055249586683
10,173,51.941983320459,5.194198332046
10,174,376.650965416518,37.665096541652
10,175,170.773276723937,17.077327672394
10,176,494.864558907230,49.486455890723
10,177,632.735432218205,63.273543221821
10,178,715.217223866387,71.521722386639
10,179,381.750482998038,38.175048299804
10,180,357.049578415462,35.704957841546
10,181,323.688446625769,32.368844662577
10,182,584.365393260871,58.436539326087
10,183,264.349792984659,26.434979298466
10,184,522.306950098210,52.230695009821
10,185,298.490404907535,29.849040490753
10,186,446.976981709657,44.697698170966
10,187,61.775468211150,6.177546821115
10,188,56.419587962640,5.641958796264
10,189,102.988417625637,10.298841762564
10,190,184.800548699982,18.480054869998
10,191,257.203516876684,25.720351687668
10,192,128.474770795710,12.847477079571
10,193,36.646169043171,3.664616904317
11,1,69.174267656930,6.917426765693
11,2,83.606015031252,8.360601503125
11,3,383.449679707255,38.344967970726
11,4,88.936035956158,8.893603595616
11,5,100.428137369228,10.042813736923
11,6,85.448384770246,8.544838477025
11,7,576.563519216594,57.656351921659
11,8,1316.102452017001,131.610245201700
11,9,333.196707119124,33.319670711912
11,10,732.020018180586,73.202001818059
11,11,606.318564856555,60.631856485655
11,12,332.694269720210,33.269426972021
11,13,358.586101898010,35.858610189801
11,14,384.557082113012,38.455708211301
11,15,113.759481317565,11.375948131756
11,16,490.080327841413,49.008032784141
11,17,528.457595359211,52.845759535921
11,18,551.731660188015,55.173166018802
11,19,519.418859727738,51.941885972774
11,20,268.237761172646,26.823776117265
11,21,809.660370900665,80.966037090066
11,22,653.820044907716,65.382004490772
11,23,382.609876591909,38.260987659191
11,24,625.957478723624,62.595747872362
11,25,506.194808650154,50.619480865015
11,26,597.455622748916,59.745562274892
11,27,34.032092395417,3.403209239542
11,28,135.449989744457,13.544998974446
11,29,658.721415550235,65.872141555024
11,30,511.814095919871,51.181409591987
11,31,416.252185379841,41.625218537984
11,32,171.621982976387,17.162198297639
11,33,494.902997190118,49.490299719012
11,34,1106.798855437760,110.679885543776
11,35,674.271287171667,67.427128717167
11,36,777.848965438060,77.784896543806
11,37,953.627597826388,95.362759782639
11,38,386.230061650090,38.623006165009
11,39,745.146530284760,74.514653028476
11,40,1129.515235601795,112.951523560180
11,41,204.089728935647,20.408972893565
11,42,1245.561968617232,124.556196861723
11,43,649.199452485604,64.919945248560
11,44,200.296356356739,20.029635635674
11,45,366.732765437546,36.673276543755
11,46,1153.688818245697,115.368881824570
11,47,2922.116271841962,292.211627184196
11,48,203.830617769640,20.383061776964
11,49,417.023115555946,41.702311555595
11,50,495.913605194781,49.591360519478
11,51,1986.754670988961,198.675467098896
11,52,457.210587288682,45.721058728868
11,53,948.893458126068,94.889345812607
11,54,407.700251128644,40.770025112864
11,55,1186.744478505762,118.674447850576
11,56,164.880997512444,16.488099751244
11,57,1868.597075457338,186.859707545734
11,58,1398.780208741752,139.878020874175
11,59,127.013538659489,12.701353865949
11,60,184.970675459689,18.497067545969
11,61,885.537129632795,88.553712963279
11,62,1042.279281615021,104.227928161502
11,63,144.401982701102,14.440198270110
11,64,526.156196787333,52.615619678733
11,65,125.128504926782,12.512850492678
11,66,36.146305487024,3.614630548702
11,67,28.638633909178,2.863863390918
11,68,45.215717497921,4.521571749792
11,69,47.049152369122,4.704915236912
11,70,259.498418069482,25.949841806948
11,71,292.655563536233,29.265556353623
11,72,102.174904022833,10.217490402283
11,73,331.810015637592,33.181001563759
11,74,94.361883338148,9.436188333815
11,75,195.830262690220,19.583026269022
11,76,87.176760487642,8.717676048764
11,77,359.511233000782,35.951123300078
11,78,87.011167604539,8.701116760454
11,79,158.607007805168,15.860700780517
11,80,42.085907767134,4.208590776713
11,81,229.718131428006,22.971813142801
11,82,99.882887062138,9.988288706214
11,83,262.669030363193,26.266903036319
11,84,383.156839415327,38.315683941533
11,85,247.388693920195,24.738869392019
11,86,242.260228721261,24.226022872126
11,87,55.422091435525,5.542209143552
11,88,15.583824119046,1.558382411905
11,89,84.063480262273,8.406348026227
11,90,168.354650738813,16.835465073881
11,91,56.357125350102,5.635712535010
11,92,28.602819980773,2.860281998077
11,93,111.516531672501,11.151653167250
11,94,41.221161479198,4.122116147920
11,95,63.343372934973,6.334337293497
11,96,163.879920033428,16.387992003343
11,97,50.992183983570,5.099218398357
11,98,262.895529261755,26.289552926176
11,99,843.483536304180,84.348353630418
11,100,197.668462824244,19.766846282424
11,101,308.277882044023,30.827788204402
11,102,90.755919611205,9.075591961121
11,103,95.142790783289,9.514279078329
11,104,200.991637985526,20.099163798553
11,105,134.738476439177,13.473847643918
11,106,159.460511051130,15.946051105113
11,107,30.277512034178,3.027751203418
11,108,827.646334225960,82.764633422596
11,109,433.411896805944,43.341189680594
11,110,253.637070339797,25.363707033980
11,111,160.618693288846,16.061869328885
11,112,29.694288538965,2.969428853897
11,113,631.196512911501,63.119651291150
11,114,69.819514026074,6.981951402607
11,115,30.445562005925,3.044556200592
11,116,42.979096717545,4.297909671754
11,117,259.513830716426,25.951383071643
11,118,94.250942063047,9.425094206305
11,119,94.950542211268,9.495054221127
11,120,38.931973893304,3.893197389330
11,121,90.601718684538,9.060171868454
11,122,75.027201719443,7.502720171944
11,123,61.021870910559,6.102187091056
11,124,118.588479530958,11.858847953096
11,125,25.256563077691,2.525656307769
11,126,420.759751724367,42.075975172437
11,127,331.556265392260,33.155626539226
11,128,500.948849939737,50.094884993974
11,129,59.292899535310,5.929289953531
11,130,75.007247181371,7.500724718137
11,131,192.218119013053,19.221811901305
11,132,103.183501682242,10.318350168224
11,133,308.833705278002,30.883370527800
11,134,703.618307182396,70.361830718240
11,135,149.325541598641,14.932554159864
11,136,171.717213775618,17.171721377562
11,137,2043.581695927762,204.358169592776
11,138,44.160435154292,4.416043515429
11,139,46.851617333657,4.685161733366
11,140,54.179027953772,5.417902795377
11,141,56.315950501020,5.631595050102
11,142,76.521409443422,7.652140944342
11,143,110.022323948523,11.002232394852
11,144,50.611335243877,5.061133524388
11,145,157.213987458949,15.721398745895
11,146,45.981435667813,4.598143566781
11,147,62.330158927204,6.233015892720
11,148,337.462659747071,33.746265974707
11,149,1335.037521673647,133.503752167365
11,150,742.412088453829,74.241208845383
11,151,627.455260394720,62.745526039472
11,152,281.206796231961,28.120679623196
11,153,220.356176954108,22.035617695411
11,154,150.826599387928,15.082659938793
11,155,422.634808188038,42.263480818804
11,156,455.315427372476,45.531542737248
11,157,214.346659333515,21.434665933352
11,158,560.759971807062,56.075997180706
11,159,390.013382502732,39.001338250273
11,160,1113.087140933506,111.308714093351
11,161,183.541022155518,18.354102215552
11,162,66.227324886980,6.622732488698
11,163,69.658090747941,6.965809074794
11,164,58.581535144494,5.858153514449
11,165,1708.127147717252,170.812714771725
11,166,548.652481374724,54.865248137472
11,167,2279.718487464065,227.971848746407
11,168,145.178794998504,14.517879499850
11,169,40.913876484338,4.091387648434
11,170,179.783389047782,17.978338904778
11,171,50.328025477595,5.032802547760
11,172,530.778799554699,53.077879955470
11,173,55.078545768870,5.507854576887
11,174,399.395365971933,39.939536597193
11,175,181.085571571435,18.108557157143
11,176,524.747391508012,52.474739150801
11,177,670.943719033719,67.094371903372
11,178,758.406246376286,75.840624637629
11,179,404.802822417715,40.480282241772
11,180,378.610331938668,37.861033193867
11,181,343.234658798823,34.323465879882
11,182,619.652812636924,61.965281263692
11,183,280.312788252002,28.031278825200
11,184,553.846915680865,55.384691568087
11,185,316.515011119967,31.651501111997
11,186,473.968080749620,47.396808074962
11,187,65.505834312665,6.550583431266
11,188,59.826534514269,5.982653451427
11,189,109.207464005767,10.920746400577
11,190,195.959892730456,19.595989273046
11,191,272.734977961978,27.273497796198
11,192,136.232833077619,13.623283307762
11,193,38.859080263556,3.885908026356
12,1,71.106894766597,7.110689476660
12,2,85.941843897298,8.594184389730
12,3,394.162698743045,39.416269874305
12,4,91.420777753031,9.142077775303
12,5,103.233951545907,10.323395154591
12,6,87.835686732057,8.783568673206
12,7,592.671854373962,59.267185437396
12,8,1352.872415242091,135.287241524209
12,9,342.505732148836,34.250573214884
12,10,752.471578852994,75.247157885299
12,11,623.258212144878,62.325821214488
12,12,341.989257389340,34.198925738934
12,13,368.604469206429,36.860446920643
12,14,395.301040340256,39.530104034026
12,15,116.937753600351,11.693775360035
12,16,503.772450065220,50.377245006522
12,17,543.221921888349,54.322192188835
12,18,567.146229794006,56.714622979401
12,19,533.930657301960,53.393065730196
12,20,275.731928969980,27.573192896998
12,21,832.281088624581,83.228108862458
12,22,672.086813554974,67.208681355497
12,23,393.299432766111,39.329943276611
12,24,643.445808327345,64.344580832734
12,25,520.337145722980,52.033714572298
12,26,614.147652494346,61.414765249435
12,27,34.982898910468,3.498289891047
12,28,139.234262871605,13.923426287161
12,29,677.125121271048,67.712512127105
12,30,526.113427598962,52.611342759896
12,31,427.881658089449,42.788165808945
12,32,176.416848294803,17.641684829480
12,33,508.729857689298,50.872985768930
12,34,1137.721184584437,113.772118458444
12,35,693.109433392760,69.310943339276
12,36,799.580919367633,79.958091936763
12,37,980.270547734101,98.027054773410
12,38,397.020760460455,39.702076046045
12,39,765.964826363369,76.596482636337
12,40,1161.072226937543,116.107222693754
12,41,209.791695234761,20.979169523476
12,42,1280.361134677926,128.036113467793
12,43,667.337128589056,66.733712858906
12,44,205.892341415553,20.589234141555
12,45,376.978738521106,37.697873852111
12,46,1185.921183860607,118.592118386061
12,47,3003.755894722688,300.375589472269
12,48,209.525344884577,20.952534488458
12,49,428.674126918704,42.867412691870
12,50,509.768700592474,50.976870059247
12,51,2042.261669002362,204.226166900236
12,52,469.984377395191,46.998437739519
12,53,975.404143146335,97.540414314634
12,54,419.090795396596,41.909079539660
12,55,1219.900370560639,121.990037056064
12,56,169.487529629877,16.948752962988
12,57,1920.802924357458,192.080292435746
12,58,1437.860066663598,143.786006666360
12,59,130.562109774481,13.056210977448
12,60,190.138483576716,19.013848357672
12,61,910.277732190861,91.027773219086
12,62,1071.399028939041,107.139902893904
12,63,148.436361320648,14.843636132065
12,64,540.856225631495,54.085622563150
12,65,128.624410976890,12.862441097689
12,66,37.156180000550,3.715618000055
12,67,29.438755141414,2.943875514141
12,68,46.478978019203,4.647897801920
12,69,48.363636359128,4.836363635913
12,70,266.748421497985,26.674842149798
12,71,300.831928751839,30.083192875184
12,72,105.029520285943,10.502952028594
12,73,341.080298550608,34.108029855061
12,74,96.998215315857,9.699821531586
12,75,201.301471672806,20.130147167281
12,76,89.612350720227,8.961235072023
12,77,369.555447109027,36.955544710903
12,78,89.442131415971,8.944213141597
12,79,163.038253894938,16.303825389494
12,80,43.261726016329,4.326172601633
12,81,236.136117529163,23.613611752916
12,82,102.673467748666,10.267346774867
12,83,270.007616027267,27.000761602727
12,84,393.861676924863,39.386167692486
12,85,254.300369499712,25.430036949971
12,86,249.028622539942,24.902862253994
12,87,56.970503005474,5.697050300547
12,88,16.019213202081,1.601921320208
12,89,86.412090032796,8.641209003280
12,90,173.058231608944,17.305823160894
12,91,57.931660389847,5.793166038985
12,92,29.401940624622,2.940194062462
12,93,114.632139247203,11.463213924720
12,94,42.372819991317,4.237281999132
12,95,65.113093437965,6.511309343796
12,96,168.458483521190,16.845848352119
12,97,52.416830466805,5.241683046680
12,98,270.240442971308,27.024044297131
12,99,867.049223430849,86.704922343085
12,100,203.191028409976,20.319102840998
12,101,316.890711819163,31.689071181916
12,102,93.291506275791,9.329150627579
12,103,97.800940164344,9.780094016434
12,104,206.607048188548,20.660704818855
12,105,138.502870932996,13.850287093300
12,106,163.915602763950,16.391560276395
12,107,31.123421106331,3.112342110633
12,108,850.769553262768,85.076955326277
12,109,445.520786567867,44.552078656787
12,110,260.723316349460,26.072331634946
12,111,165.106142906800,16.510614290680
12,112,30.523903206045,3.052390320605
12,113,648.831213410685,64.883121341068
12,114,71.770168368522,7.177016836852
12,115,31.296166146666,3.129616614667
12,116,44.179869349895,4.417986934990
12,117,266.764264751573,26.676426475157
12,118,96.884174505003,9.688417450500
12,119,97.603320450500,9.760332045050
12,120,40.019675877403,4.001967587740
12,121,93.132997202449,9.313299720245
12,122,77.123351182486,7.712335118249
12,123,62.726732067735,6.272673206774
12,124,121.901666908270,12.190166690827
12,125,25.962194234396,2.596219423440
12,126,432.515159195717,43.251515919572
12,127,340.819458897323,34.081945889732
12,128,514.944622656144,51.494462265614
12,129,60.949455779910,6.094945577991
12,130,77.102839144024,7.710283914402
12,131,197.588410023813,19.758841002381
12,132,106.066296677782,10.606629667778
12,133,317.462063935291,31.746206393529
12,134,723.276365899593,72.327636589959
12,135,153.497477198893,15.349747719889
12,136,176.514739702242,17.651473970224
12,137,2100.676357283016,210.067635728302
12,138,45.394212641857,4.539421264186
12,139,48.160582485841,4.816058248584
12,140,55.692710161702,5.569271016170
12,141,57.889335176153,5.788933517615
12,142,78.659304868549,7.865930486855
12,143,113.096185561140,11.309618556114
12,144,52.025341374508,5.202534137451
12,145,161.606314612869,16.160631461287
12,146,47.266089226472,4.726608922647
12,147,64.071571723795,6.407157172380
12,148,346.890869207303,34.689086920730
12,149,1372.336502844014,137.233650284401
12,150,763.153988256897,76.315398825690
12,151,644.985435811341,64.498543581134
12,152,289.063299758907,28.906329975891
12,153,226.512603842156,22.651260384216
12,154,155.040472330996,15.504047233100
12,155,434.442601974077,43.444260197408
12,156,468.036269503454,46.803626950345
12,157,220.335189154302,22.033518915430
12,158,576.426779136422,57.642677913642
12,159,400.909781722975,40.090978172297
12,160,1144.185155511110,114.418515551111
12,161,188.668887865828,18.866888786583
12,162,68.077618757991,6.807761875799
12,163,71.604235161855,7.160423516186
12,164,60.218216916214,6.021821691621
12,165,1755.849703289643,175.584970328964
12,166,563.981023261858,56.398102326186
12,167,2343.410462825972,234.341046282597
12,168,149.234876609003,14.923487660900
12,169,42.056949906486,4.205694990649
12,170,184.806272025956,18.480627202596
12,171,51.734116350815,5.173411635081
12,172,545.607977108751,54.560797710875
12,173,56.617359179109,5.661735917911
12,174,410.553883985901,41.055388398590
12,175,186.144835610546,18.614483561055
12,176,539.408060408553,53.940806040855
12,177,689.688897904228,68.968889790423
12,178,779.594999384228,77.959499938423
12,179,416.112416796862,41.611241679686
12,180,389.188146728610,38.918814672861
12,181,352.824129407488,35.282412940749
12,182,636.964999160142,63.696499916014
12,183,288.144314513314,28.814431451331
12,184,569.320582408486,56.932058240849
12,185,325.357974144033,32.535797414403
12,186,487.210050531167,48.721005053117
12,187,67.335970800150,6.733597080015
12,188,61.497999733867,6.149799973387
12,189,112.258559632284,11.225855963228
12,190,201.434723385355,20.143472338536
12,191,280.354791369732,28.035479136973
12,192,140.038977693973,14.003897769397
12,193,39.944745707050,3.994474570705
13,1,72.311606121448,7.231160612145
13,2,87.397892787349,8.739789278735
13,3,400.840704868794,40.084070486879
13,4,92.969652153887,9.296965215389
13,5,104.982967784651,10.498296778465
13,6,89.323821595977,8.932382159598
13,7,602.713053824568,60.271305382457
13,8,1375.793128706743,137.579312870674
13,9,348.308552620402,34.830855262040
13,10,765.220146459864,76.522014645986
13,11,633.817613559318,63.381761355932
13,12,347.783327612294,34.778332761229
13,13,374.849461214016,37.484946121402
13,14,401.998332543007,40.199833254301
13,15,118.918943188723,11.891894318872
13,16,512.307492874311,51.230749287431
13,17,552.425327825998,55.242532782600
13,18,576.754967528037,57.675496752804
13,19,542.976648238083,54.297664823808
13,20,280.403450442199,28.040345044220
13,21,846.381809534763,84.638180953476
13,22,683.473481731003,68.347348173100
13,23,399.962813216979,39.996281321698
13,24,654.347233204179,65.434723320418
13,25,529.152831879163,52.915283187916
13,26,624.552700456901,62.455270045690
13,27,35.575588208480,3.557558820848
13,28,141.593205671966,14.159320567197
13,29,688.597149756154,68.859714975615
13,30,535.026977012817,53.502697701282
13,31,435.130939523052,43.513093952305
13,32,179.405748049536,17.940574804954
13,33,517.348890177238,51.734889017724
13,34,1156.996750395910,115.699675039591
13,35,704.852272217366,70.485227221737
13,36,813.127625574477,81.312762557448
13,37,996.878544237918,99.687854423792
13,38,403.747188605125,40.374718860513
13,39,778.942000050465,77.894200005046
13,40,1180.743412132518,118.074341213252
13,41,213.346040256187,21.334604025619
13,42,1302.053343321251,130.205334332125
13,43,678.643326377099,67.864332637710
13,44,209.380622578643,20.938062257864
13,45,383.365609559764,38.336560955976
13,46,1206.013366494153,120.601336649415
13,47,3054.646301981364,305.464630198136
13,48,213.075177329658,21.307517732966
13,49,435.936834563649,43.593683456365
13,50,518.405333424874,51.840533342487
13,51,2076.862193048577,207.686219304858
13,52,477.946973960670,47.794697396067
13,53,991.929691768221,99.192969176822
13,54,426.191139766645,42.619113976664
13,55,1240.568237340997,124.056823734100
13,56,172.359031080206,17.235903108021
13,57,1953.345663018728,195.334566301873
13,58,1462.220662843220,146.222066284322
13,59,132.774126719882,13.277412671988
13,60,193.359858816218,19.335985881622
13,61,925.699892357433,92.569989235743
13,62,1089.550947680191,108.955094768019
13,63,150.951208446833,15.095120844683
13,64,550.019551332873,55.001955133287
13,65,130.803598929386,13.080359892939
13,66,37.785689587440,3.778568958744
13,67,29.937514125447,2.993751412545
13,68,47.266436855162,4.726643685516
13,69,49.183025562875,4.918302556287
13,70,271.267742069104,27.126774206910
13,71,305.928700895505,30.592870089550
13,72,106.808957513491,10.680895751349
13,73,346.858968958428,34.685896895843
13,74,98.641584102736,9.864158410274
13,75,204.711973136390,20.471197313639
13,76,91.130586283767,9.113058628377
13,77,375.816550829567,37.581655082957
13,78,90.957483080146,9.095748308015
13,79,165.800490052022,16.580049005202
13,80,43.994677338889,4.399467733889
13,81,240.136796549271,24.013679654927
13,82,104.412988126327,10.441298812633
13,83,274.582154712888,27.458215471289
13,84,400.534583061312,40.053458306131
13,85,258.608791962606,25.860879196261
13,86,253.247729705870,25.324772970587
13,87,57.935711964289,5.793571196429
13,88,16.290614844688,1.629061484469
13,89,87.876105954186,8.787610595419
13,90,175.990228813350,17.599022881335
13,91,58.913153525021,5.891315352502
13,92,29.900075887614,2.990007588761
13,93,116.574266522416,11.657426652242
13,94,43.090711238687,4.309071123869
13,95,66.216256264462,6.621625626446
13,96,171.312550606879,17.131255060688
13,97,53.304889930741,5.330488993074
13,98,274.818926271078,27.481892627108
13,99,881.738995050186,88.173899505019
13,100,206.633543231257,20.663354323126
13,101,322.259556008300,32.225955600830
13,102,94.872075041879,9.487207504188
13,103,99.457908922687,9.945790892269
13,104,210.107438098161,21.010743809816
13,105,140.849422302452,14.084942230245
13,106,166.692703191906,16.669270319191
13,107,31.650722135741,3.165072213574
13,108,865.183510510390,86.518351051039
13,109,453.068914666585,45.306891466658
13,110,265.140558034834,26.514055803483
13,111,167.903413772984,16.790341377298
13,112,31.041047048529,3.104104704853
13,113,659.823879209734,65.982387920973
13,114,72.986117075843,7.298611707584
13,115,31.826393867113,3.182639386711
13,116,44.928376093670,4.492837609367
13,117,271.283853743182,27.128385374318
13,118,98.525611183044,9.852561118304
13,119,99.256941084671,9.925694108467
13,120,40.697699550146,4.069769955015
13,121,94.710880466925,9.471088046692
13,122,78.429994894023,7.842999489402
13,123,63.789464544279,6.378946454428
13,124,123.966956396465,12.396695639646
13,125,26.402052426680,2.640205242668
13,126,439.842942600384,43.984294260038
13,127,346.593710092448,34.659371009245
13,128,523.668947295399,52.366894729540
13,129,61.982077183095,6.198207718310
13,130,78.409135335313,7.840913533531
13,131,200.936003839067,20.093600383907
13,132,107.863299238421,10.786329923842
13,133,322.840588119374,32.284058811937
13,134,735.530300677007,73.553030067701
13,135,156.098071055923,15.609807105592
13,136,179.505297958453,17.950529795845
13,137,2136.266558047541,213.626655804754
13,138,46.163293102952,4.616329310295
13,139,48.976531498484,4.897653149848
13,140,56.636270424521,5.663627042452
13,141,58.870111226639,5.887011122664
13,142,79.991971103671,7.999197110367
13,143,115.012290312768,11.501229031277
13,144,52.906768129249,5.290676812925
13,145,164.344290485233,16.434429048523
13,146,48.066883503559,4.806688350356
13,147,65.157088820726,6.515708882073
13,148,352.767983802164,35.276798380216
13,149,1395.586981902042,139.558698190204
13,150,776.083539999671,77.608353999967
13,151,655.912945454193,65.591294545419
13,152,293.960684754177,29.396068475418
13,153,230.350238810764,23.035023881076
13,154,157.667208009606,15.766720800961
13,155,441.803040611525,44.180304061153
13,156,475.965860722471,47.596586072247
13,157,224.068164769657,22.406816476966
13,158,586.192750331551,58.619275033155
13,159,407.702098669140,40.770209866914
13,160,1163.570235585558,116.357023558556
13,161,191.865364835679,19.186536483568
13,162,69.231007337230,6.923100733723
13,163,72.817372585983,7.281737258598
13,164,61.238449481930,6.123844948193
13,165,1785.597761925974,178.559776192597
13,166,573.536135250281,57.353613525028
13,167,2383.113127425642,238.311312742564
13,168,151.763252387199,15.176325238720
13,169,42.769489601392,4.276948960139
13,170,187.937307561794,18.793730756179
13,171,52.610609096076,5.261060909608
13,172,554.851808209484,55.485180820948
13,173,57.576585084116,5.757658508412
13,174,417.509593800531,41.750959380053
13,175,189.298549435948,18.929854943595
13,176,548.546850921135,54.854685092114
13,177,701.373785134179,70.137378513418
13,178,792.803098978870,79.280309897887
13,179,423.162300708330,42.316230070833
13,180,395.781872710827,39.578187271083
13,181,358.801766827286,35.880176682729
13,182,647.756624496187,64.775662449619
13,183,293.026129823479,29.302612982348
13,184,578.966158585437,57.896615858544
13,185,330.870272875811,33.087027287581
13,186,495.464488894688,49.546448889469
13,187,68.476794188362,6.847679418836
13,188,62.539914710230,6.253991471023
13,189,114.160473109340,11.416047310934
13,190,204.847482433829,20.484748243383
13,191,285.104634569305,28.510463456931
13,192,142.411554180450,14.241155418045
13,193,40.621499893516,4.062149989352
14,1,73.836775345478,7.383677534548
14,2,89.241256300815,8.924125630081
14,3,409.295086393356,40.929508639336
14,4,94.930533122231,9.493053312223
14,5,107.197229092077,10.719722909208
14,6,91.207806076174,9.120780607617
14,7,615.425251076428,61.542525107643
14,8,1404.810840400381,140.481084040038
14,9,355.654945729567,35.565494572957
14,10,781.359882244858,78.135988224486
14,11,647.185856497050,64.718585649705
14,12,355.118642872950,35.511864287295
14,13,382.755645194051,38.275564519405
14,14,410.477130315476,41.047713031548
14,15,121.427136852698,12.142713685270
14,16,523.112890005995,52.311289000599
14,17,564.076875257541,56.407687525754
14,18,588.919666577911,58.891966657791
14,19,554.428907670257,55.442890767026
14,20,286.317614652688,28.631761465269
14,21,864.233376619494,86.423337661949
14,22,697.889047581198,69.788904758120
14,23,408.398678580703,40.839867858070
14,24,668.148479165116,66.814847916512
14,25,540.313524571222,54.031352457122
14,26,637.725531328922,63.772553132892
14,27,36.325935146857,3.632593514686
14,28,144.579636360008,14.457963636001
14,29,703.120782087032,70.312078208703
14,30,546.311564966727,54.631156496673
14,31,444.308557791818,44.430855779182
14,32,183.189706672717,18.318970667272
14,33,528.260618566447,52.826061856645
14,34,1181.399691094577,118.139969109458
14,35,719.718751483065,71.971875148306
14,36,830.277807906928,83.027780790693
14,37,1017.904331899368,101.790433189937
14,38,412.262872592494,41.226287259249
14,39,795.371152015177,79.537115201518
14,40,1205.647208497333,120.564720849733
14,41,217.845854768964,21.784585476896
14,42,1329.515763170484,132.951576317048
14,43,692.957016405580,69.295701640558
14,44,213.796799991836,21.379679999184
14,45,391.451412940624,39.145141294062
14,46,1231.450147240760,123.145014724076
14,47,3119.073753948837,311.907375394884
14,48,217.569278903370,21.756927890337
14,49,445.131450467783,44.513145046778
14,50,529.339343918086,52.933934391809
14,51,2120.666590009007,212.066659000901
14,52,488.027651938960,48.802765193896
14,53,1012.851100092994,101.285110009299
14,54,435.180203138226,43.518020313823
14,55,1266.733836438940,126.673383643894
14,56,175.994362996990,17.599436299699
14,57,1994.544895741148,199.454489574115
14,58,1493.061271610288,149.306127161029
14,59,135.574548708582,13.557454870858
14,60,197.438132300201,19.743813230020
14,61,945.224406639977,94.522440663998
14,62,1112.531346851856,111.253134685186
14,63,154.135014612978,15.413501461298
14,64,561.620357030634,56.162035703063
14,65,133.562459286387,13.356245928639
14,66,38.582651153620,3.858265115362
14,67,30.568944923865,3.056894492386
14,68,48.263362780165,4.826336278016
14,69,50.220375456711,5.022037545671
14,70,276.989219351481,27.698921935148
14,71,312.381234097019,31.238123409702
14,72,109.061731910131,10.906173191013
14,73,354.174787993700,35.417478799370
14,74,100.722095328422,10.072209532842
14,75,209.029681149870,20.902968114987
14,76,93.052678365837,9.305267836584
14,77,383.743132300374,38.374313230037
14,78,92.875924134492,9.287592413449
14,79,169.297491685920,16.929749168592
14,80,44.922596541592,4.492259654159
14,81,245.201671626711,24.520167162671
14,82,106.615227636978,10.661522763698
14,83,280.373538341302,28.037353834130
14,84,408.982507979741,40.898250797974
14,85,264.063271426146,26.406327142615
14,86,258.589135658800,25.858913565880
14,87,59.157670230737,5.915767023074
14,88,16.634210371524,1.663421037152
14,89,89.729555760070,8.972955576007
14,90,179.702148588239,17.970214858824
14,91,60.155727621578,6.015572762158
14,92,30.530717052787,3.053071705279
14,93,119.033007147196,11.903300714720
14,94,43.999564328085,4.399956432808
14,95,67.612864659738,6.761286465974
14,96,174.925810550753,17.492581055075
14,97,54.429176638966,5.442917663897
14,98,280.615303796226,28.061530379623
14,99,900.336302605760,90.033630260576
14,100,210.991780279116,21.099178027912
14,101,329.056533469264,32.905653346926
14,102,96.873081198909,9.687308119891
14,103,101.555637764729,10.155563776473
14,104,214.538945231180,21.453894523118
14,105,143.820165391154,14.382016539115
14,106,170.208523050087,17.020852305009
14,107,32.318287273745,3.231828727375
14,108,883.431636007048,88.343163600705
14,109,462.624873966587,46.262487396659
14,110,270.732803053951,27.073280305395
14,111,171.444769483797,17.144476948380
14,112,31.695753148689,3.169575314869
14,113,673.740636530280,67.374063653028
14,114,74.525512831465,7.452551283147
14,115,32.497664207264,3.249766420726
14,116,45.875988519656,4.587598851966
14,117,277.005670846934,27.700567084693
14,118,100.603676351487,10.060367635149
14,119,101.350431188590,10.135043118859
14,120,41.556080136223,4.155608013622
14,121,96.708486768552,9.670848676855
14,122,80.084210874959,8.008421087496
14,123,65.134887960500,6.513488796050
14,124,126.581620858143,12.658162085814
14,125,26.958914595456,2.695891459546
14,126,449.119944667444,44.911994466744
14,127,353.903934387394,35.390393438739
14,128,534.713975954477,53.471397595448
14,129,63.289379864249,6.328937986425
14,130,80.062911354275,8.006291135427
14,131,205.174070527011,20.517407052701
14,132,110.138311414537,11.013831141454
14,133,329.649820491292,32.964982049129
14,134,751.043829391199,75.104382939120
14,135,159.390432914200,15.939043291420
14,136,183.291356250905,18.329135625091
14,137,2181.323889552355,218.132388955236
14,138,47.136951934458,4.713695193446
14,139,50.009526097107,5.000952609711
14,140,57.830821358298,5.783082135830
14,141,60.111777491212,6.011177749121
14,142,81.679131699882,8.167913169988
14,143,117.438086322273,11.743808632227
14,144,54.022657802037,5.402265780204
14,145,167.810578505060,16.781057850506
14,146,49.080692148488,4.908069214849
14,147,66.531357654278,6.653135765428
14,148,360.208433558109,36.020843355811
14,149,1425.022178109408,142.502217810941
14,150,792.452402399105,79.245240239911
14,151,669.747214829565,66.974721482956
14,152,300.160793056418,30.016079305642
14,153,235.208699489845,23.520869948985
14,154,160.992665514881,16.099266551488
14,155,451.121384329297,45.112138432930
14,156,486.004753804777,48.600475380478
14,157,228.794126303657,22.879412630366
14,158,598.556507549914,59.855650754991
14,159,416.301198133457,41.630119813346
14,160,1188.111821763750,118.811182176375
14,161,195.912117014206,19.591211701421
14,162,70.691201729290,7.069120172929
14,163,74.353209246233,7.435320924623
14,164,62.530067847042,6.253006784704
14,165,1823.258918952597,182.325891895260
14,166,585.632943899282,58.563294389928
14,167,2433.376854015094,243.337685401509
14,168,154.964185878995,15.496418587900
14,169,43.671567604721,4.367156760472
14,170,191.901210632332,19.190121063233
14,171,53.720252293823,5.372025229382
14,172,566.554534053486,56.655453405349
14,173,58.790968781355,5.879096878136
14,174,426.315549266830,42.631554926683
14,175,193.291163308588,19.329116330859
14,176,560.116594975204,56.011659497520
14,177,716.166897457418,71.616689745742
14,178,809.524604033643,80.952460403364
14,179,432.087480944630,43.208748094463
14,180,404.129555248452,40.412955524845
14,181,366.369478867503,36.636947886750
14,182,661.418863814785,66.141886381479
14,183,299.206526844296,29.920652684430
14,184,591.177495246202,59.117749524620
14,185,337.848864341325,33.784886434132
14,186,505.914639715471,50.591463971547
14,187,69.921081000094,6.992108100009
14,188,63.858983090890,6.385898309089
14,189,116.568302910474,11.656830291047
14,190,209.168048558490,20.916804855849
14,191,291.117954388855,29.111795438885
14,192,145.415245167724,14.541524516772
14,193,41.478273305069,4.147827330507
15,1,74.399016785255,7.439901678525
15,2,89.920797521233,8.992079752123
15,3,412.411726544426,41.241172654443
15,4,95.653396212766,9.565339621277
15,5,108.013498818684,10.801349881868
15,6,91.902321891189,9.190232189119
15,7,620.111500951521,62.011150095152
15,8,1415.507987801858,141.550798780186
15,9,358.363134810347,35.836313481035
15,10,787.309666794920,78.730966679492
15,11,652.113952368752,65.211395236875
15,12,357.822748193451,35.782274819345
15,13,385.670196703506,38.567019670351
15,14,413.602771321113,41.360277132111
15,15,122.351762392377,12.235176239238
15,16,527.096213262820,52.709621326282
15,17,568.372125056920,56.837212505692
15,18,593.404085618426,59.340408561843
15,19,558.650691542097,55.865069154210
15,20,288.497824001518,28.849782400152
15,21,870.814214091064,87.081421409106
15,22,703.203230670591,70.320323067059
15,23,411.508492897128,41.150849289713
15,24,673.236198139198,67.323619813920
15,25,544.427824695573,54.442782469557
15,26,642.581590105039,64.258159010504
15,27,36.602544546206,3.660254454621
15,28,145.680560154812,14.568056015481
15,29,708.474803020472,70.847480302047
15,30,550.471538088742,55.047153808874
15,31,447.691813385918,44.769181338592
15,32,184.584632764085,18.458463276409
15,33,532.283139991174,53.228313999117
15,34,1190.395640066680,119.039564006668
15,35,725.199160197755,72.519916019775
15,36,836.600085497571,83.660008549757
15,37,1025.655320406707,102.565532040671
15,38,415.402111406327,41.540211140633
15,39,801.427627525833,80.142762752583
15,40,1214.827793906113,121.482779390611
15,41,219.504675410325,21.950467541033
15,42,1339.639564669032,133.963956466903
15,43,698.233643787858,69.823364378786
15,44,215.424788485166,21.542478848517
15,45,394.432179706026,39.443217970603
15,46,1240.827213080350,124.082721308035
15,47,3142.824418979696,314.282441897970
15,48,219.225993515424,21.922599351542
15,49,448.520972104255,44.852097210425
15,50,533.370079462295,53.337007946230
15,51,2136.814730705478,213.681473070548
15,52,491.743813274461,49.174381327446
15,53,1020.563609992444,102.056360999244
15,54,438.493949477091,43.849394947709
15,55,1276.379575336402,127.637957533640
15,56,177.334499041407,17.733449904141
15,57,2009.732663471162,200.973266347116
15,58,1504.430415442706,150.443041544271
15,59,136.606901883626,13.660690188363
15,60,198.941555211777,19.894155521178
15,61,952.421962719783,95.242196271978
15,62,1121.002887264120,112.100288726412
15,63,155.308699299646,15.530869929965
15,64,565.896901295565,56.589690129557
15,65,134.579491098217,13.457949109822
15,66,38.876444662796,3.887644466280
15,67,30.801716839025,3.080171683903
15,68,48.630871551384,4.863087155138
15,69,50.602786200826,5.060278620083
15,70,279.098396204913,27.909839620491
15,71,314.759908869801,31.475990886980
15,72,109.892199179141,10.989219917914
15,73,356.871706186597,35.687170618660
15,74,101.489059156810,10.148905915681
15,75,210.621369686318,21.062136968632
15,76,93.761242243589,9.376124224359
15,77,386.665203181711,38.666520318171
15,78,93.583142090066,9.358314209007
15,79,170.586633377586,17.058663337759
15,80,45.264666536386,4.526466653639
15,81,247.068797327230,24.706879732723
15,82,107.427065624326,10.742706562433
15,83,282.508485610257,28.250848561026
15,84,412.096767954584,41.209676795458
15,85,266.074021668475,26.607402166848
15,86,260.558202255534,26.055820225553
15,87,59.608135375358,5.960813537536
15,88,16.760874115235,1.676087411524
15,89,90.412815211542,9.041281521154
15,90,181.070518134179,18.107051813418
15,91,60.613792627133,6.061379262713
15,92,30.763197875966,3.076319787597
15,93,119.939402219384,11.993940221938
15,94,44.334605752654,4.433460575265
15,95,68.127713177916,6.812771317792
15,96,176.257809938835,17.625780993883
15,97,54.843635944592,5.484363594459
15,98,282.752092025283,28.275209202528
15,99,907.192051339255,90.719205133925
15,100,212.598409520034,21.259840952003
15,101,331.562184864250,33.156218486425
15,102,97.610736119429,9.761073611943
15,103,102.328948729720,10.232894872972
15,104,216.172584903152,21.617258490315
15,105,144.915306077892,14.491530607789
15,106,171.504601929672,17.150460192967
15,107,32.564379824278,3.256437982428
15,108,890.158661566448,89.015866156645
15,109,466.147601956784,46.614760195678
15,110,272.794339466823,27.279433946682
15,111,172.750261951279,17.275026195128
15,112,31.937105317737,3.193710531774
15,113,678.870937843498,67.887093784350
15,114,75.092998768363,7.509299876836
15,115,32.745122650943,3.274512265094
15,116,46.225318263754,4.622531826375
15,117,279.114972972799,27.911497297280
15,118,101.369738460429,10.136973846043
15,119,102.122179576664,10.212217957666
15,120,41.872515276002,4.187251527600
15,121,97.444888359560,9.744488835956
15,122,80.694024369860,8.069402436986
15,123,65.630867545405,6.563086754541
15,124,127.545496006096,12.754549600610
15,125,27.164197381520,2.716419738152
15,126,452.539837304151,45.253983730415
15,127,356.598790124004,35.659879012400
15,128,538.785637457875,53.878563745788
15,129,63.771306544971,6.377130654497
15,130,80.672562660713,8.067256266071
15,131,206.736399925582,20.673639992558
15,132,110.976976463146,11.097697646315
15,133,332.159989561216,33.215998956122
15,134,756.762767711520,75.676276771152
15,135,160.604135788803,16.060413578880
15,136,184.687056368562,18.468705636856
15,137,2197.933914550635,219.793391455064
15,138,47.495883477694,4.749588347769
15,139,50.390331296465,5.039033129647
15,140,58.271183008869,5.827118300887
15,141,60.569507831765,6.056950783176
15,142,82.301089963793,8.230108996379
15,143,118.332336625451,11.833233662545
15,144,54.434021607689,5.443402160769
15,145,169.088397868473,16.908839786847
15,146,49.454424599421,4.945442459942
15,147,67.037970871646,6.703797087165
15,148,362.951295869684,36.295129586968
15,149,1435.873227838826,143.587322783883
15,150,798.486652643574,79.848665264357
15,151,674.847107621336,67.484710762134
15,152,302.446413408375,30.244641340838
15,153,236.999732172819,23.699973217282
15,154,162.218568835130,16.221856883513
15,155,454.556517234987,45.455651723499
15,156,489.705511472469,48.970551147247
15,157,230.536314236208,23.053631423621
15,158,603.114307792649,60.311430779265
15,159,419.471187395908,41.947118739591
15,160,1197.158881283323,119.715888128332
15,161,197.403919848557,19.740391984856
15,162,71.229490716774,7.122949071677
15,163,74.919383151079,7.491938315108
15,164,63.006212630060,6.300621263006
15,165,1837.142403366438,183.714240336644
15,166,590.092335686340,59.009233568634
15,167,2451.906174933007,245.190617493301
15,168,156.144184417321,15.614418441732
15,169,44.004111447982,4.400411144798
15,170,193.362471805453,19.336247180545
15,171,54.129313386396,5.412931338640
15,172,570.868650365414,57.086865036541
15,173,59.238641621601,5.923864162160
15,174,429.561794340472,42.956179434047
15,175,194.763008489342,19.476300848934
15,176,564.381688613544,56.438168861354
15,177,721.620260035384,72.162026003538
15,178,815.688853173408,81.568885317341
15,179,435.377677276458,43.537767727646
15,180,407.206861671112,40.720686167111
15,181,369.159255402635,36.915925540264
15,182,666.455339101613,66.645533910161
15,183,301.484880789960,30.148488078996
15,184,595.679106869075,59.567910686908
15,185,340.421466286972,34.042146628697
15,186,509.767004260195,50.976700426019
15,187,70.453505785281,7.045350578528
15,188,64.345247102661,6.434524710266
15,189,117.455930114588,11.745593011459
15,190,210.760790714773,21.076079071477
15,191,293.334716660156,29.333471666016
15,192,146.522531833834,14.652253183383
15,193,41.794115972810,4.179411597281
16,1,74.656932524004,7.465693252400
16,2,90.232521921955,9.023252192195
16,3,413.841415802656,41.384141580266
16,4,95.984993556577,9.598499355658
16,5,108.387944376522,10.838794437652
16,6,92.220915553680,9.222091555368
16,7,622.261213713677,62.226121371368
16,8,1420.415065934810,142.041506593481
16,9,359.605456236745,35.960545623674
16,10,790.038997948883,79.003899794888
16,11,654.374606595671,65.437460659567
16,12,359.063196285771,35.906319628577
16,13,387.007182298137,38.700718229814
16,14,415.036589520917,41.503658952092
16,15,122.775913766257,12.277591376626
16,16,528.923474093810,52.892347409381
16,17,570.342475242352,57.034247524235
16,18,595.461212980218,59.546121298022
16,19,560.587340869440,56.058734086944
16,20,289.497946484585,28.949794648459
16,21,873.833026718512,87.383302671851
16,22,705.640993810030,70.564099381003
16,23,412.935050955734,41.293505095573
16,24,675.570075909348,67.557007590935
16,25,546.315168247540,54.631516824754
16,26,644.809198918705,64.480919891870
16,27,36.729432947756,3.672943294776
16,28,146.185584426870,14.618558442687
16,29,710.930840883634,71.093084088363
16,30,552.379833111197,55.237983311120
16,31,449.243806540813,44.924380654081
16,32,185.224524041931,18.522452404193
16,33,534.128382108703,53.412838210870
16,34,1194.522331307754,119.452233130775
16,35,727.713175640767,72.771317564077
16,36,839.500289538062,83.950028953806
16,37,1029.210913761238,102.921091376124
16,38,416.842167297803,41.684216729780
16,39,804.205900781841,80.420590078184
16,40,1219.039183000452,121.903918300045
16,41,220.265622435753,22.026562243575
16,42,1344.283633138072,134.428363313807
16,43,700.654179083066,70.065417908307
16,44,216.171591949351,21.617159194935
16,45,395.799540074634,39.579954007463
16,46,1245.128733196485,124.512873319648
16,47,3153.719507608643,315.371950760864
16,48,219.985974446810,21.998597444681
16,49,450.075839666536,45.007583966654
16,50,535.219089624198,53.521908962420
16,51,2144.222330612772,214.422233061277
16,52,493.448519524039,49.344851952404
16,53,1024.101552142567,102.410155214257
16,54,440.014056809196,44.001405680920
16,55,1280.804343234184,128.080434323418
16,56,177.949256605450,17.794925660545
16,57,2016.699713668677,201.669971366868
16,58,1509.645756972238,150.964575697224
16,59,137.080470911015,13.708047091101
16,60,199.631216989547,19.963121698955
16,61,955.723681273744,95.572368127374
16,62,1124.889017757535,112.488901775754
16,63,155.847101010381,15.584710101038
16,64,567.858670733663,56.785867073366
16,65,135.046031791454,13.504603179145
16,66,39.011215892020,3.901121589202
16,67,30.908495771014,3.090849577101
16,68,48.799458015348,4.879945801535
16,69,50.778208612972,5.077820861297
16,70,280.065934112690,28.006593411269
16,71,315.851072946058,31.585107294606
16,72,110.273157543362,11.027315754336
16,73,358.108857344195,35.810885734419
16,74,101.840886731937,10.184088673194
16,75,211.351521353724,21.135152135372
16,76,94.086280141995,9.408628014199
16,77,388.005638120728,38.800563812073
16,78,93.907562576647,9.390756257665
16,79,171.177998418006,17.117799841801
16,80,45.421583528216,4.542158352822
16,81,247.925299659359,24.792529965936
16,82,107.799478220479,10.779947822048
16,83,283.487845122219,28.348784512222
16,84,413.525365359980,41.352536535998
16,85,266.996408560480,26.699640856048
16,86,261.461467703463,26.146146770346
16,87,59.814776228089,5.981477622809
16,88,16.818978286719,1.681897828672
16,89,90.726245267951,9.072624526795
16,90,181.698227188254,18.169822718825
16,91,60.823919746809,6.082391974681
16,92,30.869843275990,3.086984327599
16,93,120.355190772315,12.035519077231
16,94,44.488298544427,4.448829854443
16,95,68.363888469376,6.836388846938
16,96,176.868834992996,17.686883499300
16,97,55.033759920574,5.503375992057
16,98,283.732296036691,28.373229603669
16,99,910.336973385529,91.033697338553
16,100,213.335414902870,21.333541490287
16,101,332.711596638031,33.271159663803
16,102,97.949118885814,9.794911888581
16,103,102.683687912407,10.268368791241
16,104,216.921980719681,21.692198071968
16,105,145.417677477922,14.541767747792
16,106,172.099149250550,17.209914925055
16,107,32.677269301078,3.267726930108
16,108,893.244534723415,89.324453472341
16,109,467.763574967181,46.776357496718
16,110,273.740023383499,27.374002338350
16,111,173.349127545955,17.334912754595
16,112,32.047820250104,3.204782025010
16,113,681.224349313370,68.122434931337
16,114,75.353320303366,7.535332030337
16,115,32.858638700803,3.285863870080
16,116,46.385565503894,4.638556550389
16,117,280.082568346515,28.008256834651
16,118,101.721152391844,10.172115239184
16,119,102.476201961990,10.247620196199
16,120,42.017672849010,4.201767284901
16,121,97.782696188946,9.778269618895
16,122,80.973762729416,8.097376272942
16,123,65.858387133959,6.585838713396
16,124,127.987652263639,12.798765226364
16,125,27.258366287750,2.725836628775
16,126,454.108636886394,45.410863688639
16,127,357.834995175712,35.783499517571
16,128,540.653421492089,54.065342149209
16,129,63.992379676704,6.399237967670
16,130,80.952226619922,8.095222661992
16,131,207.453083742347,20.745308374235
16,132,111.361695376184,11.136169537618
16,133,333.311473717761,33.331147371776
16,134,759.386203298793,75.938620329879
16,135,161.160894952003,16.116089495200
16,136,185.327302713730,18.532730271373
16,137,2205.553393594701,220.555339359470
16,138,47.660535329345,4.766053532934
16,139,50.565017200712,5.056501720071
16,140,58.473189108720,5.847318910872
16,141,60.779481431325,6.077948143132
16,142,82.586399465654,8.258639946565
16,143,118.742554036077,11.874255403608
16,144,54.622725591998,5.462272559200
16,145,169.674569042967,16.967456904297
16,146,49.625866037845,4.962586603784
16,147,67.270368402268,6.727036840227
16,148,364.209522868498,36.420952286850
16,149,1440.850905237143,144.085090523714
16,150,801.254730553700,80.125473055370
16,151,677.186569859227,67.718656985923
16,152,303.494890841506,30.349489084151
16,153,237.821328527825,23.782132852783
16,154,162.780924681052,16.278092468105
16,155,456.132307951208,45.613230795121
16,156,491.403151632497,49.140315163250
16,157,231.335504149785,23.133550414979
16,158,605.205097146679,60.520509714668
16,159,420.925349370840,42.092534937084
16,160,1201.309018349760,120.130901834976
16,161,198.088251174692,19.808825117469
16,162,71.476418801483,7.147641880148
16,163,75.179102820600,7.517910282060
16,164,63.224633444991,6.322463344499
16,165,1843.511142640512,184.351114264051
16,166,592.137982352994,59.213798235299
16,167,2460.406088235331,246.040608823533
16,168,156.685482466887,15.668548246689
16,169,44.156658529953,4.415665852995
16,170,194.032792824696,19.403279282470
16,171,54.316961052364,5.431696105236
16,172,572.847655143300,57.284765514330
16,173,59.444001566887,5.944400156689
16,174,431.050936970485,43.105093697049
16,175,195.438184686370,19.543818468637
16,176,566.338205331711,56.633820533171
16,177,724.121868665523,72.412186866552
16,178,818.516565181530,81.851656518153
16,179,436.886981567320,43.688698156732
16,180,408.618507457440,40.861850745744
16,181,370.439003256673,37.043900325667
16,182,668.765709971489,66.876570997149
16,183,302.530024921035,30.253002492103
16,184,597.744120945126,59.774412094513
16,185,341.601590134806,34.160159013481
16,186,511.534190698605,51.153419069861
16,187,70.697743797788,7.069774379779
16,188,64.568309888415,6.456830988842
16,189,117.863109326022,11.786310932602
16,190,211.491425706813,21.149142570681
16,191,294.351606982332,29.435160698233
16,192,147.030474931395,14.703047493139
16,193,41.939001762465,4.193900176246
17,1,74.963654881076,7.496365488108
17,2,90.603235409273,9.060323540927
17,3,415.541651939040,41.554165193904
17,4,96.379340638246,9.637934063825
17,5,108.833248042951,10.883324804295
17,6,92.599798205748,9.259979820575
17,7,624.817726816103,62.481772681610
17,8,1426.250733733024,142.625073373302
17,9,361.082868037951,36.108286803795
17,10,793.284813380042,79.328481338004
17,11,657.063055142340,65.706305514234
17,12,360.538380253008,36.053838025301
17,13,388.597172017042,38.859717201704
17,14,416.741735938069,41.674173593807
17,15,123.280329316011,12.328032931601
17,16,531.096516157016,53.109651615702
17,17,572.685684137095,57.268568413710
17,18,597.907620307914,59.790762030791
17,19,562.890471532902,56.289047153290
17,20,290.687326887867,29.068732688787
17,21,877.423103575153,87.742310357515
17,22,708.540066428615,70.854006642861
17,23,414.631563360740,41.463156336074
17,24,678.345604437572,67.834560443757
17,25,548.559662769934,54.855966276993
17,26,647.458348711864,64.745834871186
17,27,36.880333043257,3.688033304326
17,28,146.786176836837,14.678617683684
17,29,713.851646438573,71.385164643857
17,30,554.649243850197,55.464924385020
17,31,451.089490720213,45.108949072021
17,32,185.985504980753,18.598550498075
17,33,536.322808142569,53.632280814257
17,34,1199.429935901818,119.942993590182
17,35,730.702930147931,73.070293014793
17,36,842.949312942375,84.294931294238
17,37,1033.439348907449,103.343934890745
17,38,418.554731794601,41.855473179460
17,39,807.509919861108,80.750991986111
17,40,1224.047513224206,122.404751322421
17,41,221.170567075337,22.117056707534
17,42,1349.806520706436,134.980652070644
17,43,703.532763750758,70.353276375076
17,44,217.059716574526,21.705971657453
17,45,397.425652530039,39.742565253004
17,46,1250.244250362703,125.024425036270
17,47,3166.676325525128,316.667632552513
17,48,220.889770173795,22.088977017380
17,49,451.924942191063,45.192494219106
17,50,537.417996747345,53.741799674734
17,51,2153.031705778567,215.303170577857
17,52,495.475815421219,49.547581542122
17,53,1028.308995863256,102.830899586326
17,54,441.821821260352,44.182182126035
17,55,1286.066430944233,128.606643094423
17,56,178.680347658617,17.868034765862
17,57,2024.985171813953,202.498517181395
17,58,1515.848022311401,151.584802231140
17,59,137.643655651197,13.764365565120
17,60,200.451386736013,20.045138673601
17,61,959.650199686958,95.965019968696
17,62,1129.510539152883,112.951053915288
17,63,156.487387030026,15.648738703003
17,64,570.191675105561,57.019167510556
17,65,135.600858192484,13.560085819248
17,66,39.171490520056,3.917149052006
17,67,31.035480986665,3.103548098666
17,68,48.999946895352,4.899994689535
17,69,50.986827040050,5.098682704005
17,70,281.216563806977,28.121656380698
17,71,317.148723174944,31.714872317494
17,72,110.726206465410,11.072620646541
17,73,359.580120482116,35.958012048212
17,74,102.259292307530,10.225929230753
17,75,212.219843083652,21.221984308365
17,76,94.472826503299,9.447282650330
17,77,389.599729919815,38.959972991981
17,78,94.293374690360,9.429337469036
17,79,171.881270269374,17.188127026937
17,80,45.608194666534,4.560819466653
17,81,248.943881989470,24.894388198947
17,82,108.242364218243,10.824236421824
17,83,284.652533478911,28.465253347891
17,84,415.224303027039,41.522430302704
17,85,268.093343098167,26.809334309817
17,86,262.535662355536,26.253566235554
17,87,60.060520709307,6.006052070931
17,88,16.888077786112,1.688807778611
17,89,91.098987180269,9.109898718027
17,90,182.444720603330,18.244472060333
17,91,61.073810217799,6.107381021780
17,92,30.996669690791,3.099666969079
17,93,120.849660964854,12.084966096485
17,94,44.671075352023,4.467107535202
17,95,68.644756331221,6.864475633122
17,96,177.595487215737,17.759548721574
17,97,55.259861958130,5.525986195813
17,98,284.897988701465,28.489798870146
17,99,914.077023944351,91.407702394435
17,100,214.211887309298,21.421188730930
17,101,334.078517052463,33.407851705246
17,102,98.351535427749,9.835153542775
17,103,103.105556072865,10.310555607286
17,104,217.813188260329,21.781318826033
17,105,146.015115000306,14.601511500031
17,106,172.806205580399,17.280620558040
17,107,32.811521388913,3.281152138891
17,108,896.914362291588,89.691436229159
17,109,469.685346213544,46.968534621354
17,110,274.864663552315,27.486466355232
17,111,174.061319317029,17.406131931703
17,112,32.179486294151,3.217948629415
17,113,684.023107995946,68.402310799595
17,114,75.662903716925,7.566290371693
17,115,32.993635931091,3.299363593109
17,116,46.576137089203,4.657613708920
17,117,281.233266381293,28.123326638129
17,118,102.139066047962,10.213906604796
17,119,102.897217682123,10.289721768212
17,120,42.190299277919,4.219029927792
17,121,98.184428995826,9.818442899583
17,122,81.306437305315,8.130643730531
17,123,66.128961333189,6.612896133319
17,124,128.513479846573,12.851347984657
17,125,27.370355222669,2.737035522267
17,126,455.974307853087,45.597430785309
17,127,359.305133171641,35.930513317164
17,128,542.874655156432,54.287465515643
17,129,64.255287525520,6.425528752552
17,130,81.284812716345,8.128481271635
17,131,208.305389036391,20.830538903639
17,132,111.819216473536,11.181921647354
17,133,334.680858681775,33.468085868177
17,134,762.506084043005,76.250608404301
17,135,161.823012291897,16.182301229190
17,136,186.088705910945,18.608870591095
17,137,2214.614742791086,221.461474279109
17,138,47.856345031690,4.785634503169
17,139,50.772759747007,5.077275974701
17,140,58.713421780792,5.871342178079
17,141,61.029189330859,6.102918933086
17,142,82.925699437535,8.292569943754
17,143,119.230398832633,11.923039883263
17,144,54.847138926123,5.484713892612
17,145,170.371664168531,17.037166416853
17,146,49.829750152665,4.982975015266
17,147,67.546743619677,6.754674361968
17,148,365.705850129014,36.570585012901
17,149,1446.770532134500,144.677053213450
17,150,804.546624973435,80.454662497343
17,151,679.968739630504,67.996873963050
17,152,304.741776631358,30.474177663136
17,153,238.798399457233,23.879839945723
17,154,163.449697790481,16.344969779048
17,155,458.006293017315,45.800629301731
17,156,493.422044290493,49.342204429049
17,157,232.285928560598,23.228592856060
17,158,607.691536485034,60.769153648503
17,159,422.654689312161,42.265468931216
17,160,1206.244505533905,120.624450553390
17,161,198.902081762883,19.890208176288
17,162,71.770074258634,7.177007425863
17,163,75.487970474816,7.548797047482
17,164,63.484387066519,6.348438706652
17,165,1851.085068649016,185.108506864902
17,166,594.570736439169,59.457073643917
17,167,2470.514480439826,247.051448043983
17,168,157.329212913296,15.732921291330
17,169,44.338072819649,4.433807281965
17,170,194.829961869182,19.482996186918
17,171,54.540118176018,5.454011817602
17,172,575.201156380068,57.520115638007
17,173,59.688222748470,5.968822274847
17,174,432.821877122132,43.282187712213
17,175,196.241127676956,19.624112767696
17,176,568.664962986578,56.866496298658
17,177,727.096868559777,72.709686855978
17,178,821.879378542419,82.187937854242
17,179,438.681898666509,43.868189866651
17,180,410.297285670169,41.029728567017
17,181,371.960923865904,37.196092386590
17,182,671.513283277227,67.151328327723
17,183,303.772946632276,30.377294663228
17,184,600.199907427421,60.019990742742
17,185,343.005034414705,34.300503441470
17,186,513.635790207042,51.363579020704
17,187,70.988200127618,7.098820012762
17,188,64.833583902918,6.483358390292
17,189,118.347340990545,11.834734099054
17,190,212.360322223187,21.236032222319
17,191,295.560928282433,29.556092828243
17,192,147.634538510056,14.763453851006
17,193,42.111304977169,4.211130497717
18,1,75.257698857034,7.525769885703
18,2,90.958625439504,9.095862543950
18,3,417.171608745526,41.717160874553
18,4,96.757387367244,9.675738736724
18,5,109.260145064205,10.926014506421
18,6,92.963019727972,9.296301972797
18,7,627.268566345389,62.726856634539
18,8,1431.845183965283,143.184518396528
18,9,362.499210962222,36.249921096222
18,10,796.396462898249,79.639646289825
18,11,659.640376558911,65.964037655891
18,12,361.952587430918,36.195258743092
18,13,390.121439446203,39.012143944620
18,14,418.376400058668,41.837640005867
18,15,123.763894828485,12.376389482849
18,16,533.179735438096,53.317973543810
18,17,574.932036396804,57.493203639680
18,18,600.252905289151,60.025290528915
18,19,565.098402196651,56.509840219665
18,20,291.827544203771,29.182754420377
18,21,880.864784458806,88.086478445881
18,22,711.319305762516,71.131930576252
18,23,416.257950356436,41.625795035644
18,24,681.006406381116,68.100640638112
18,25,550.711381019894,55.071138101989
18,26,649.997995790501,64.999799579050
18,27,37.024995677168,3.702499567717
18,28,147.361943735093,14.736194373509
18,29,716.651720377020,71.665172037702
18,30,556.824848403934,55.682484840393
18,31,452.858883468937,45.285888346894
18,32,186.715030741495,18.671503074150
18,33,538.426527487012,53.842652748701
18,34,1204.134684460244,120.413468446024
18,35,733.569103030857,73.356910303086
18,36,846.255770823894,84.625577082389
18,37,1037.493001514792,103.749300151479
18,38,420.196507368221,42.019650736822
18,39,810.677367177257,81.067736717726
18,40,1228.848823914319,122.884882391432
18,41,222.038105791411,22.203810579141
18,42,1355.101119492378,135.510111949238
18,43,706.292362004051,70.629236200405
18,44,217.911130532173,21.791113053217
18,45,398.984549560915,39.898454956092
18,46,1255.148317418652,125.514831741865
18,47,3179.097572845685,317.909757284569
18,48,221.756207467621,22.175620746762
18,49,453.697611987479,45.369761198748
18,50,539.526011955060,53.952601195506
18,51,2161.476945063338,216.147694506334
18,52,497.419312959977,49.741931295998
18,53,1032.342524726504,103.234252472650
18,54,443.554861694342,44.355486169434
18,55,1291.111010044617,129.111101004462
18,56,179.381219033345,17.938121903335
18,57,2032.928150209572,203.292815020957
18,58,1521.793916760334,152.179391676033
18,59,138.183561127222,13.818356112722
18,60,201.237654732627,20.123765473263
18,61,963.414415301750,96.341441530175
18,62,1133.941029773255,113.394102977325
18,63,157.101206800989,15.710120680099
18,64,572.428244646793,57.242824464679
18,65,136.132750821647,13.613275082165
18,66,39.325140189820,3.932514018982
18,67,31.157217263259,3.115721726326
18,68,49.192148559341,4.919214855934
18,69,51.186822215954,5.118682221595
18,70,282.319632176020,28.231963217602
18,71,318.392734978803,31.839273497880
18,72,111.160528591826,11.116052859183
18,73,360.990568898351,36.099056889835
18,74,102.660403071626,10.266040307163
18,75,213.052272699531,21.305227269953
18,76,94.843394955025,9.484339495503
18,77,391.127929869506,39.112792986951
18,78,94.663239244649,9.466323924465
18,79,172.555472350142,17.255547235014
18,80,45.787092225856,4.578709222586
18,81,249.920361177509,24.992036117751
18,82,108.666943505263,10.866694350526
18,83,285.769079394976,28.576907939498
18,84,416.853015036483,41.685301503648
18,85,269.144935802093,26.914493580209
18,86,263.565455127945,26.356545512795
18,87,60.296107332391,6.029610733239
18,88,16.954321054886,1.695432105489
18,89,91.456321790472,9.145632179047
18,90,183.160357682711,18.316035768271
18,91,61.313371456000,6.131337145600
18,92,31.118253730574,3.111825373057
18,93,121.323692211859,12.132369221186
18,94,44.846297072838,4.484629707284
18,95,68.914014508565,6.891401450857
18,96,178.292103239276,17.829210323928
18,97,55.476618058761,5.547661805876
18,98,286.015497412496,28.601549741250
18,99,917.662479361102,91.766247936110
18,100,215.052130693134,21.505213069313
18,101,335.388935755930,33.538893575593
18,102,98.737318065544,9.873731806554
18,103,103.509986295740,10.350998629574
18,104,218.667557701011,21.866755770101
18,105,146.587857418386,14.658785741839
18,106,173.484035708075,17.348403570808
18,107,32.940224161233,3.294022416123
18,108,900.432497387866,90.043249738787
18,109,471.527680967220,47.152768096722
18,110,275.942816673979,27.594281667398
18,111,174.744072612259,17.474407261226
18,112,32.305709916908,3.230570991691
18,113,686.706179874467,68.670617987447
18,114,75.959690487485,7.595969048748
18,115,33.123053045369,3.312305304537
18,116,46.758831390278,4.675883139028
18,117,282.336400265970,28.233640026597
18,118,102.539705226096,10.253970522610
18,119,103.300830700330,10.330083070033
18,120,42.355790186363,4.235579018636
18,121,98.569556160782,9.856955616078
18,122,81.625360764079,8.162536076408
18,123,66.388351336881,6.638835133688
18,124,129.017572324965,12.901757232497
18,125,27.477715090405,2.747771509041
18,126,457.762861234438,45.776286123444
18,127,360.714502953673,36.071450295367
18,128,545.004074036855,54.500407403686
18,129,64.507328067704,6.450732806770
18,130,81.603651352936,8.160365135294
18,131,209.122464256416,20.912246425642
18,132,112.257825917707,11.225782591771
18,133,335.993640062566,33.599364006257
18,134,765.497004389674,76.549700438967
18,135,162.457760984599,16.245776098460
18,136,186.818636476015,18.681863647601
18,137,2223.301540749636,222.330154074964
18,138,48.044060932019,4.804406093202
18,139,50.971915246697,5.097191524670
18,140,58.943724425586,5.894372442559
18,141,61.268575544202,6.126857554420
18,142,83.250974431270,8.325097443127
18,143,119.698078544667,11.969807854467
18,144,55.062276125948,5.506227612595
18,145,171.039944838707,17.103994483871
18,146,50.025206709301,5.002520670930
18,147,67.811694856226,6.781169485623
18,148,367.140326641316,36.714032664132
18,149,1452.445471013123,145.244547101312
18,150,807.702448803348,80.770244880335
18,151,682.635908301049,68.263590830105
18,152,305.937122346337,30.593712234634
18,153,239.735083120007,23.973508312001
18,154,164.090827136212,16.409082713621
18,155,459.802816834442,45.980281683444
18,156,495.357485938300,49.535748593830
18,157,233.197067139707,23.319706713971
18,158,610.075198752140,61.007519875214
18,159,424.312546916623,42.431254691662
18,160,1210.975984154416,121.097598415442
18,161,199.682272630587,19.968227263059
18,162,72.051591455512,7.205159145551
18,163,75.784071071974,7.578407107197
18,164,63.733403761528,6.373340376153
18,165,1858.345926117696,185.834592611770
18,166,596.902932536176,59.690293253618
18,167,2480.205041841132,248.020504184113
18,168,157.946334735502,15.794633473550
18,169,44.511988342297,4.451198834230
18,170,195.594179898768,19.559417989877
18,171,54.754051090884,5.475405109088
18,172,577.457375547426,57.745737554743
18,173,59.922349037572,5.992234903757
18,174,434.519615390533,43.451961539053
18,175,197.010880986346,19.701088098635
18,176,570.895544019081,57.089554401908
18,177,729.948896712318,72.994889671232
18,178,825.103189876168,82.510318987617
18,179,440.402622794348,44.040262279435
18,180,411.906671517148,41.190667151715
18,181,373.419935824808,37.341993582481
18,182,674.147285528544,67.414728552854
18,183,304.964492123995,30.496449212400
18,184,602.554183875519,60.255418387552
18,185,344.350467268173,34.435046726817
18,186,515.650520014262,51.565052001426
18,187,71.266650433233,7.126665043323
18,188,65.087892805235,6.508789280523
18,189,118.811556919506,11.881155691951
18,190,213.193302866692,21.319330286669
18,191,296.720262237374,29.672026223737
18,192,148.213633096108,14.821363309611
18,193,42.276486031480,4.227648603148
19,1,74.908581721815,7.490858172181
19,2,90.536672400556,9.053667240056
19,3,415.236368110320,41.523636811032
19,4,96.308534128279,9.630853412828
19,5,108.753292085469,10.875329208547
19,6,92.531768392604,9.253176839260
19,7,624.358695219621,62.435869521962
19,8,1425.202917508881,142.520291750888
19,9,360.817593161352,36.081759316135
19,10,792.702014943438,79.270201494344
19,11,656.580334037853,65.658033403785
19,12,360.273505392424,36.027350539242
19,13,388.311683349541,38.831168334954
19,14,416.435570449866,41.643557044987
19,15,123.189759596312,12.318975959631
19,16,530.706338235945,53.070633823594
19,17,572.264952117836,57.226495211784
19,18,597.468358619714,59.746835861971
19,19,562.476935711648,56.247693571165
19,20,290.473769138124,29.047376913812
19,21,876.778491697579,87.677849169758
19,22,708.019526975418,70.801952697542
19,23,414.326948142073,41.432694814207
19,24,677.847247793053,67.784724779305
19,25,548.156655289576,54.815665528958
19,26,646.982683847201,64.698268384720
19,27,36.853238360393,3.685323836039
19,28,146.678338198137,14.667833819814
19,29,713.327204754458,71.332720475446
19,30,554.241762568913,55.424176256891
19,31,450.758091145273,45.075809114527
19,32,185.848867975095,18.584886797510
19,33,535.928790648690,53.592879064869
19,34,1198.548756935992,119.854875693599
19,35,730.166108418674,73.016610841867
19,36,842.330027745642,84.233002774564
19,37,1032.680117384659,103.268011738466
19,38,418.247234362142,41.824723436214
19,39,806.916670739355,80.691667073935
19,40,1223.148248590616,122.314824859062
19,41,221.008080842725,22.100808084272
19,42,1348.814865355524,134.881486535552
19,43,703.015902986631,70.301590298663
19,44,216.900250439116,21.690025043912
19,45,397.133677888580,39.713367788858
19,46,1249.325739908204,124.932573990820
19,47,3164.349879864477,316.434987986448
19,48,220.727490232786,22.072749023279
19,49,451.592928839327,45.159292883933
19,50,537.023174656937,53.702317465694
19,51,2151.449949149771,215.144994914977
19,52,495.111806775482,49.511180677548
19,53,1027.553533430310,102.755353343031
19,54,441.497230316034,44.149723031603
19,55,1285.121603194247,128.512160319425
19,56,178.549077494974,17.854907749497
19,57,2023.497486467688,202.349748646769
19,58,1514.734382112279,151.473438211228
19,59,137.542533701086,13.754253370109
19,60,200.304122156086,20.030412215609
19,61,958.945178455451,95.894517845545
19,62,1128.680727507376,112.868072750738
19,63,156.372421253584,15.637242125358
19,64,569.772775346974,56.977277534697
19,65,135.501237013781,13.550123701378
19,66,39.142712604420,3.914271260442
19,67,31.012680310926,3.101268031093
19,68,48.963948358682,4.896394835868
19,69,50.949368812456,5.094936881246
19,70,281.009963893592,28.100996389359
19,71,316.915725168528,31.691572516853
19,72,110.644859817988,11.064485981799
19,73,359.315949621265,35.931594962127
19,74,102.184166003988,10.218416600399
19,75,212.063932632979,21.206393263298
19,76,94.403420642177,9.440342064218
19,77,389.313504708303,38.931350470830
19,78,94.224100666170,9.422410066617
19,79,171.754995148629,17.175499514863
19,80,45.574687930871,4.557468793087
19,81,248.760991679737,24.876099167974
19,82,108.162842362313,10.816284236231
19,83,284.443409279520,28.444340927952
19,84,414.919252343398,41.491925234340
19,85,267.896384353229,26.789638435323
19,86,262.342786643064,26.234278664306
19,87,60.016396358278,6.001639635828
19,88,16.875670709656,1.687567070966
19,89,91.032059960172,9.103205996017
19,90,182.310684887354,18.231068488735
19,91,61.028941438627,6.102894143863
19,92,30.973897528346,3.097389752835
19,93,120.760876971657,12.076087697166
19,94,44.638257084942,4.463825708494
19,95,68.594325444362,6.859432544436
19,96,177.465014060886,17.746501406089
19,97,55.219264482150,5.521926448215
19,98,284.688684174760,28.468868417476
19,99,913.405483721337,91.340548372134
19,100,214.054513373833,21.405451337383
19,101,333.833081322247,33.383308132225
19,102,98.279280015672,9.827928001567
19,103,103.029808049115,10.302980804911
19,104,217.653168575786,21.765316857579
19,105,145.907842833604,14.590784283360
19,106,172.679250942230,17.267925094223
19,107,32.787415918790,3.278741591879
19,108,896.255430872134,89.625543087213
19,109,469.340284917963,46.934028491796
19,110,274.662730156523,27.466273015652
19,111,173.933442590965,17.393344259097
19,112,32.155845157970,3.215584515797
19,113,683.520580289356,68.352058028936
19,114,75.607316844151,7.560731684415
19,115,32.969396667822,3.296939666782
19,116,46.541919240304,4.654191924030
19,117,281.026654197115,28.102665419711
19,118,102.064028070423,10.206402807042
19,119,102.821622717258,10.282162271726
19,120,42.159303549721,4.215930354972
19,121,98.112296350964,9.811229635096
19,122,81.246704327009,8.124670432701
19,123,66.080378712383,6.608037871238
19,124,128.419065515334,12.841906551533
19,125,27.350247185853,2.735024718585
19,126,455.639319574897,45.563931957490
19,127,359.041164334290,35.904116433429
19,128,542.475824251112,54.247582425111
19,129,64.208081426926,6.420808142693
19,130,81.225095624865,8.122509562486
19,131,208.152354397357,20.815235439736
19,132,111.737066830124,11.173706683012
19,133,334.434980432360,33.443498043236
19,134,761.945897655738,76.194589765574
19,135,161.704126619337,16.170412661934
19,136,185.951993087196,18.595199308720
19,137,2212.987743272111,221.298774327211
19,138,47.821186659066,4.782118665907
19,139,50.735458787121,5.073545878712
19,140,58.670287095942,5.867028709594
19,141,60.984353333082,6.098435333308
19,142,82.864776844324,8.286477684432
19,143,119.142804454342,11.914280445434
19,144,54.806844663231,5.480684466323
19,145,170.246498102265,17.024649810226
19,146,49.793141988743,4.979314198874
19,147,67.497119404118,6.749711940412
19,148,365.437178910156,36.543717891016
19,149,1445.707640736567,144.570764073657
19,150,803.955552880157,80.395555288016
19,151,679.469190525677,67.946919052568
19,152,304.517893571966,30.451789357197
19,153,238.622962676496,23.862296267650
19,154,163.329617049328,16.332961704933
19,155,457.669811911130,45.766981191113
19,156,493.059544478132,49.305954447813
19,157,232.115276263054,23.211527626305
19,158,607.245086897916,60.724508689792
19,159,422.344179785192,42.234417978519
19,160,1205.358320143575,120.535832014358
19,161,198.755955402799,19.875595540280
19,162,71.717347310673,7.171734731067
19,163,75.432512119339,7.543251211934
19,164,63.437747321364,6.343774732136
19,165,1849.725141588981,184.972514158898
19,166,594.133926242121,59.413392624212
19,167,2468.699480388743,246.869948038874
19,168,157.213628677002,15.721362867700
19,169,44.305499197811,4.430549919781
19,170,194.686827152286,19.468682715229
19,171,54.500049470468,5.450004947047
19,172,574.778576331873,57.477857633187
19,173,59.644371911652,5.964437191165
19,174,432.503898120063,43.250389812006
19,175,196.096956226200,19.609695622620
19,176,568.247184849659,56.824718484966
19,177,726.562696077071,72.656269607707
19,178,821.275572685036,82.127557268504
19,179,438.359614512826,43.835961451283
19,180,409.995854692797,40.999585469280
19,181,371.687657264488,37.168765726449
19,182,671.019946098635,67.101994609863
19,183,303.549775338191,30.354977533819
19,184,599.758961676540,59.975896167654
19,185,342.753040686308,34.275304068631
19,186,513.258440066881,51.325844006688
19,187,70.936047595067,7.093604759507
19,188,64.785952950326,6.478595295033
19,189,118.260395363776,11.826039536378
19,190,212.204308567434,21.220430856743
19,191,295.343790069247,29.534379006925
19,192,147.526076609890,14.752607660989
19,193,42.080367283304,4.208036728330
20,1,73.985955424168,7.398595542417
20,2,89.421559646608,8.942155964661
20,3,410.122027614853,41.012202761485
20,4,95.122331102776,9.512233110278
20,5,107.413810747986,10.741381074799
20,6,91.392082645999,9.139208264600
20,7,616.668658402301,61.666865840230
20,8,1407.649125126861,140.764912512686
20,9,356.373512223596,35.637351222360
20,10,782.938544478861,78.293854447886
20,11,648.493433060999,64.849343306100
20,12,355.836125818816,35.583612581882
20,13,383.528966035894,38.352896603589
20,14,411.306459742640,41.130645974264
20,15,121.672468663927,12.167246866393
20,16,524.169789115276,52.416978911528
20,17,565.216538145641,56.521653814564
20,18,590.109521928326,59.010952192833
20,19,555.549077770959,55.554907777096
20,20,286.896091760936,28.689609176094
20,21,865.979476750863,86.597947675086
20,22,699.299065049430,69.929906504943
20,23,409.223808696726,40.922380869673
20,24,669.498408685089,66.949840868509
20,25,541.405175902631,54.140517590263
20,26,639.013994218873,63.901399421887
20,27,36.399328193051,3.639932819305
20,28,144.871745562072,14.487174556207
20,29,704.541369769926,70.454136976993
20,30,547.415334759892,54.741533475989
20,31,445.206240353169,44.520624035317
20,32,183.559823795638,18.355982379564
20,33,529.327918164484,52.932791816448
20,34,1183.786595155017,118.378659515502
20,35,721.172873761273,72.117287376127
20,36,831.955304088723,83.195530408872
20,37,1019.960909365287,101.996090936529
20,38,413.095809939590,41.309580993959
20,39,796.978122667542,79.697812266754
20,40,1208.083102326587,120.808310232659
20,41,218.285991294492,21.828599129449
20,42,1332.201921460054,133.220192146005
20,43,694.357069180806,69.435706918081
20,44,214.228755792956,21.422875579296
20,45,392.242302741980,39.224230274198
20,46,1233.938173417535,123.393817341754
20,47,3125.375541450756,312.537554145076
20,48,218.008856634054,21.800885663405
20,49,446.030795604370,44.603079560437
20,50,530.408822976589,53.040882297659
20,51,2124.951192191221,212.495119219122
20,52,489.013664710760,48.901366471076
20,53,1014.897467991730,101.489746799173
20,54,436.059442739966,43.605944273997
20,55,1269.293149904556,126.929314990456
20,56,176.349942622428,17.634994262243
20,57,1998.574681211942,199.857468121194
20,58,1496.077857816088,149.607785781609
20,59,135.848464000116,13.584846400012
20,60,197.837036992005,19.783703699200
20,61,947.134141331159,94.713414133116
20,62,1114.779109069151,111.477910906915
20,63,154.446429534625,15.444642953462
20,64,562.755056760731,56.275505676073
20,65,133.832309345428,13.383230934543
20,66,38.660603676712,3.866060367671
20,67,30.630706526913,3.063070652691
20,68,48.360874246825,4.836087424682
20,69,50.321840878615,5.032184087862
20,70,277.548849337295,27.754884933729
20,71,313.012370232987,31.301237023299
20,72,109.282080614043,10.928208061404
20,73,354.890363971872,35.489036397187
20,74,100.925594601469,10.092559460147
20,75,209.452005447438,20.945200544744
20,76,93.240682322077,9.324068232208
20,77,384.518448264613,38.451844826461
20,78,93.063570975866,9.306357097587
20,79,169.639540929181,16.963954092918
20,80,45.013358312480,4.501335831248
20,81,245.697077940124,24.569707794012
20,82,106.830633415116,10.683063341512
20,83,280.940006017019,28.094000601702
20,84,409.808817666720,40.980881766672
20,85,264.596785781644,26.459678578164
20,86,259.111590051282,25.911159005128
20,87,59.277192594205,5.927719259421
20,88,16.667818188233,1.666781818823
20,89,89.910845667795,8.991084566780
20,90,180.065219436630,18.006521943663
20,91,60.277266463683,6.027726646368
20,92,30.592401420111,3.059240142011
20,93,119.273501850410,11.927350185041
20,94,44.088461201466,4.408846120147
20,95,67.749469927549,6.774946992755
20,96,175.279231269098,17.527923126910
20,97,54.539145537473,5.453914553747
20,98,281.182259935712,28.118225993571
20,99,902.155345214837,90.215534521484
20,100,211.418068808616,21.141806880862
20,101,329.721360438302,32.972136043830
20,102,97.068803910371,9.706880391037
20,103,101.760821129824,10.176082112982
20,104,214.972400465132,21.497240046513
20,105,144.110740155421,14.411074015542
20,106,170.552412944297,17.055241294430
20,107,32.383583254184,3.238358325418
20,108,885.216524368710,88.521652436871
20,109,463.559562877084,46.355956287708
20,110,271.279792554435,27.127979255443
20,111,171.791157094617,17.179115709462
20,112,31.759791359008,3.175979135901
20,113,675.101864464517,67.510186446452
20,114,74.676084437776,7.467608443778
20,115,32.563322601486,3.256332260149
20,116,45.968676527025,4.596867652703
20,117,277.565334071407,27.756533407141
20,118,100.806936370419,10.080693637042
20,119,101.555199953602,10.155519995360
20,120,41.640040185612,4.164004018561
20,121,96.903876932852,9.690387693285
20,122,80.246013294204,8.024601329420
20,123,65.266486715537,6.526648671554
20,124,126.837366806852,12.683736680685
20,125,27.013382480624,2.701338248062
20,126,450.027348171637,45.002734817164
20,127,354.618963131995,35.461896313199
20,128,535.794313938311,53.579431393831
20,129,63.417249948286,6.341724994829
20,130,80.224670739894,8.022467073989
20,131,205.588604935416,20.558860493542
20,132,110.360835243439,11.036083524344
20,133,330.315846139500,33.031584613950
20,134,752.561240966177,75.256124096618
20,135,159.712465901330,15.971246590133
20,136,183.661678746989,18.366167874699
20,137,2185.731043954336,218.573104395434
20,138,47.232187596713,4.723218759671
20,139,50.110565518229,5.011056551823
20,140,57.947662951672,5.794766295167
20,141,60.233227536320,6.023322753632
20,142,81.844156502731,8.184415650273
20,143,117.675358641883,11.767535864188
20,144,54.131805368467,5.413180536847
20,145,168.149623583739,16.814962358374
20,146,49.179854950258,4.917985495026
20,147,66.665777841560,6.666577784156
20,148,360.936199934845,36.093619993484
20,149,1427.901297893157,142.790129789316
20,150,794.053475999556,79.405347599956
20,151,671.100374440656,67.110037444066
20,152,300.767238970643,30.076723897064
20,153,235.683915967465,23.568391596746
20,154,161.317935658351,16.131793565835
20,155,452.032831549170,45.203283154917
20,156,486.986679506125,48.698667950612
20,157,229.256382755216,22.925638275522
20,158,599.765833207473,59.976583320747
20,159,417.142294527574,41.714229452757
20,160,1190.512287036427,119.051228703643
20,161,196.307938539398,19.630793853940
20,162,70.834026480064,7.083402648006
20,163,74.503432729779,7.450343272978
20,164,62.656403814427,6.265640381443
20,165,1826.942637637887,182.694263763789
20,166,586.816158743723,58.681615874372
20,167,2438.293257106453,243.829325710645
20,168,155.277276061162,15.527727606116
20,169,43.759801792378,4.375980179238
20,170,192.288928508267,19.228892850827
20,171,53.828788879108,5.382878887911
20,172,567.699202812066,56.769920281207
20,173,58.909750259935,5.890975025993
20,174,427.176878690939,42.717687869094
20,175,193.681689449763,19.368168944976
20,176,561.248256499194,56.124825649919
20,177,717.613843557353,71.761384355735
20,178,811.160170369879,81.116017036988
20,179,432.960471999653,43.296047199965
20,180,404.946060012790,40.494606001279
20,181,367.109693041692,36.710969304169
20,182,662.755196796410,66.275519679641
20,183,299.811044755735,29.981104475573
20,184,592.371912321541,59.237191232154
20,185,338.531455366352,33.853145536635
20,186,506.936791419823,50.693679141982
20,187,70.062349796258,7.006234979626
20,188,63.988004003274,6.398800400327
20,189,116.803817916643,11.680381791664
20,190,209.590652414054,20.959065241405
20,191,291.706130120265,29.170613012027
20,192,145.709042636741,14.570904263674
20,193,41.562076153265,4.156207615327
21,1,72.895214163203,7.289521416320
21,2,88.103258299179,8.810325829918
21,3,404.075785257291,40.407578525729
21,4,93.719985876872,9.371998587687
21,5,105.830257832995,10.583025783299
21,6,90.044730775011,9.004473077501
21,7,607.577393091103,60.757739309110
21,8,1386.896794864511,138.689679486451
21,9,351.119659761072,35.111965976107
21,10,771.396037926538,77.139603792654
21,11,638.932989584266,63.893298958427
21,12,350.590195799428,35.059019579943
21,13,377.874773079508,37.787477307951
21,14,405.242755841394,40.524275584139
21,15,119.878706846100,11.987870684610
21,16,516.442192526683,51.644219252668
21,17,556.883808021375,55.688380802138
21,18,581.409805875926,58.140980587593
21,19,547.358870614181,54.735887061418
21,20,282.666513280813,28.266651328081
21,21,853.212735535910,85.321273553591
21,22,688.989617268010,68.898961726801
21,23,403.190808371787,40.319080837179
21,24,659.628298414606,65.962829841461
21,25,533.423485852516,53.342348585252
21,26,629.593301793764,62.959330179376
21,27,35.862709467186,3.586270946719
21,28,142.735967365701,14.273596736570
21,29,694.154637076410,69.415463707641
21,30,539.345039673687,53.934503967369
21,31,438.642767418225,43.864276741823
21,32,180.853684873439,18.085368487344
21,33,521.524277627399,52.152427762740
21,34,1166.334568265443,116.633456826544
21,35,710.540950375399,71.054095037540
21,36,819.690165762859,81.969016576286
21,37,1004.924089984657,100.492408998466
21,38,407.005726462937,40.700572646294
21,39,785.228637005073,78.522863700507
21,40,1190.272883092028,119.027288309203
21,41,215.067900292887,21.506790029289
21,42,1312.561874976323,131.256187497632
21,43,684.120478994783,68.412047899478
21,44,211.070478767418,21.107047876742
21,45,386.459653029018,38.645965302902
21,46,1215.746784639616,121.574678463962
21,47,3079.299552575183,307.929955257518
21,48,214.794851302590,21.479485130259
21,49,439.455166626711,43.945516662671
21,50,522.589247151909,52.258924715191
21,51,2093.624004084063,209.362400408406
21,52,481.804358860508,48.180435886051
21,53,999.935296622292,99.993529662229
21,54,429.630816878432,42.963081687843
21,55,1250.580538802564,125.058053880256
21,56,173.750095696287,17.375009569629
21,57,1969.110604477094,196.911060447709
21,58,1474.021863002188,147.402186300219
21,59,133.845711936239,13.384571193624
21,60,194.920415614918,19.492041561492
21,61,933.170973839488,93.317097383949
21,62,1098.344428133385,109.834442813339
21,63,152.169496131029,15.216949613103
21,64,554.458615136009,55.445861513601
21,65,131.859280531832,13.185928053183
21,66,38.090647995769,3.809064799577
21,67,30.179131964283,3.017913196428
21,68,47.647911892619,4.764791189262
21,69,49.579968886027,4.957996888603
21,70,273.457072997177,27.345707299718
21,71,308.397771347991,30.839777134799
21,72,107.670984646890,10.767098464689
21,73,349.658376888865,34.965837688887
21,74,99.437694503563,9.943769450356
21,75,206.364149877773,20.636414987777
21,76,91.866077387584,9.186607738758
21,77,378.849667822162,37.884966782216
21,78,91.691577113325,9.169157711333
21,79,167.138622400497,16.713862240050
21,80,44.349746861840,4.434974686184
21,81,242.074877766165,24.207487776617
21,82,105.255678018069,10.525567801807
21,83,276.798235397692,27.679823539769
21,84,403.767192820844,40.376719282084
21,85,260.695955818494,26.069595581849
21,86,255.291625831816,25.529162583182
21,87,58.403295927926,5.840329592793
21,88,16.422092132200,1.642209213220
21,89,88.585330999289,8.858533099929
21,90,177.410599875683,17.741059987568
21,91,59.388626163599,5.938862616360
21,92,30.141391572233,3.014139157223
21,93,117.515106908258,11.751510690826
21,94,43.438485087902,4.343848508790
21,95,66.750670333290,6.675067033329
21,96,172.695169353029,17.269516935303
21,97,53.735099742099,5.373509974210
21,98,277.036917877141,27.703691787714
21,99,888.855279639081,88.885527963908
21,100,208.301228461808,20.830122846181
21,101,324.860428516968,32.486042851697
21,102,95.637762721937,9.563776272194
21,103,100.260607667422,10.026060766742
21,104,211.803160224713,21.180316022471
21,105,141.986181115335,14.198618111534
21,106,168.038036359051,16.803803635905
21,107,31.906166827908,3.190616682791
21,108,872.166180117806,87.216618011781
21,109,456.725515262961,45.672551526296
21,110,267.280438064669,26.728043806467
21,111,169.258518268264,16.925851826826
21,112,31.291571212680,3.129157121268
21,113,665.149144996281,66.514914499628
21,114,73.575168918924,7.357516891892
21,115,32.083256359833,3.208325635983
21,116,45.290981254828,4.529098125483
21,117,273.473314704358,27.347331470436
21,118,99.320785596798,9.932078559680
21,119,100.058017870598,10.005801787060
21,120,41.026160028516,4.102616002852
21,121,95.475267187769,9.547526718777
21,122,79.062982849761,7.906298284976
21,123,64.304292612470,6.430429261247
21,124,124.967461246867,12.496746124687
21,125,26.615136479732,2.661513647973
21,126,443.392799838787,44.339279983879
21,127,349.390977188023,34.939097718802
21,128,527.895342271963,52.789534227196
21,129,62.482318301070,6.248231830107
21,130,79.041954939014,7.904195493901
21,131,202.557705720805,20.255770572080
21,132,108.733835687854,10.873383568785
21,133,325.446149986095,32.544614998610
21,134,741.466573171199,74.146657317120
21,135,157.357897720783,15.735789772078
21,136,180.954038223608,18.095403822361
21,137,2153.507806160811,215.350780616081
21,138,46.535864955989,4.653586495599
21,139,49.371808262103,4.937180826210
21,140,57.093366935684,5.709336693568
21,141,59.345236482095,5.934523648209
21,142,80.637565360471,8.063756536047
21,143,115.940524397549,11.594052439755
21,144,53.333764803775,5.333376480378
21,145,165.670670228239,16.567067022824
21,146,48.454818736357,4.845481873636
21,147,65.682954626407,6.568295462641
21,148,355.615081844419,35.561508184442
21,149,1406.850399066899,140.685039906690
21,150,782.347107071557,78.234710707156
21,151,661.206647118285,66.120664711829
21,152,296.333164481625,29.633316448163
21,153,232.209335282282,23.220933528228
21,154,158.939698768018,15.893969876802
21,155,445.368717287821,44.536871728782
21,156,479.807256576021,47.980725657602
21,157,225.876560266243,22.587656026624
21,158,590.923758553625,59.092375855363
21,159,410.992555570680,41.099255557068
21,160,1172.961106333112,117.296110633311
21,161,193.413859964722,19.341385996472
21,162,69.789752672702,6.978975267270
21,163,73.405062536463,7.340506253646
21,164,61.732688975411,6.173268897541
21,165,1800.008853991190,180.000885399119
21,166,578.164995245549,57.816499524555
21,167,2402.346609575682,240.234660957568
21,168,152.988093865444,15.298809386544
21,169,43.114670954870,4.311467095487
21,170,189.454100368949,18.945410036895
21,171,53.035215548580,5.303521554858
21,172,559.329871892781,55.932987189278
21,173,58.041270628722,5.804127062872
21,174,420.879204427664,42.087920442766
21,175,190.826328469895,19.082632846990
21,176,552.974028944803,55.297402894480
21,177,707.034389333635,70.703438933364
21,178,799.201605234080,79.920160523408
21,179,426.577532853031,42.657753285303
21,180,398.976124589384,39.897612458938
21,181,361.697561952686,36.169756195269
21,182,652.984498629160,65.298449862916
21,183,295.391067002749,29.539106700275
21,184,583.638842877458,58.363884287746
21,185,333.540640226021,33.354064022602
21,186,499.463253071456,49.946325307146
21,187,69.029452466962,6.902945246696
21,188,63.044657988844,6.304465798884
21,189,115.081832400479,11.508183240048
21,190,206.500752835275,20.650075283528
21,191,287.405639434234,28.740563943423
21,192,143.560920550752,14.356092055075
21,193,40.949345384407,4.094934538441
22,1,69.429057864171,6.942905786417
22,2,83.913961824445,8.391396182445
22,3,384.862043389136,38.486204338914
22,4,89.263614863750,8.926361486375
22,5,100.798045238150,10.079804523815
22,6,85.763117580603,8.576311758060
22,7,578.687180854441,57.868718085444
22,8,1320.950064111192,132.095006411119
22,9,334.423973571443,33.442397357144
22,10,734.716274150541,73.471627415054
22,11,608.551823523786,60.855182352379
22,12,333.919685540302,33.391968554030
22,13,359.906885338315,35.990688533832
22,14,385.973524700215,38.597352470021
22,15,114.178492646523,11.417849264652
22,16,491.885445156352,49.188544515635
22,17,530.404068011553,53.040406801155
22,18,553.763858414359,55.376385841436
22,19,521.332039923177,52.133203992318
22,20,269.225763750398,26.922576375040
22,21,812.642600285733,81.264260028573
22,22,656.228266207101,65.622826620710
22,23,384.019147019361,38.401914701936
22,24,628.263073580362,62.826307358036
22,25,508.059280578360,50.805928057836
22,26,599.656236461125,59.965623646113
22,27,34.157443109895,3.415744310990
22,28,135.948893919764,13.594889391976
22,29,661.147690112546,66.114769011255
22,30,513.699265419826,51.369926541983
22,31,417.785370828275,41.778537082827
22,32,172.254119782325,17.225411978233
22,33,496.725877886795,49.672587788680
22,34,1110.875537696983,111.087553769698
22,35,676.754836717107,67.675483671711
22,36,780.714023584964,78.071402358496
22,37,957.140103003696,95.714010300370
22,38,387.652666337990,38.765266633799
22,39,747.891135255761,74.789113525576
22,40,1133.675589310038,113.367558931004
22,41,204.841454484652,20.484145448465
22,42,1250.149758309350,125.014975830935
22,43,651.590654715027,65.159065471503
22,44,201.034109742130,20.103410974213
22,45,368.083555557530,36.808355555753
22,46,1157.938210730067,115.793821073007
22,47,2932.879329199926,293.287932919993
22,48,204.581388932137,20.458138893214
22,49,418.559140578487,41.855914057849
22,50,497.740208273084,49.774020827308
22,51,1994.072502481880,199.407250248188
22,52,458.894635190224,45.889463519022
22,53,952.388526003695,95.238852600370
22,54,409.201937160113,40.920193716011
22,55,1191.115625203272,119.111562520327
22,56,165.488305185504,16.548830518550
22,57,1875.479696007339,187.547969600734
22,58,1403.932348566901,140.393234856690
22,59,127.481368778024,12.748136877802
22,60,185.651979625679,18.565197962568
22,61,888.798836571252,88.879883657125
22,62,1046.118318343005,104.611831834300
22,63,144.933859833231,14.493385983323
22,64,528.094192677448,52.809419267745
22,65,125.589391883478,12.558939188348
22,66,36.279443501752,3.627944350175
22,67,28.744118849113,2.874411884911
22,68,45.382260960138,4.538226096014
22,69,47.222448938622,4.722244893862
22,70,260.454230945546,26.045423094555
22,71,293.733504426820,29.373350442682
22,72,102.551245773207,10.255124577321
22,73,333.032174476605,33.303217447660
22,74,94.709447318596,9.470944731860
22,75,196.551566072317,19.655156607232
22,76,87.497859439950,8.749785943995
22,77,360.835423984866,36.083542398487
22,78,87.331656627079,8.733165662708
22,79,159.191206435055,15.919120643506
22,80,42.240923172792,4.224092317279
22,81,230.564254304275,23.056425430428
22,82,100.250786605660,10.025078660566
22,83,263.636521584265,26.363652158427
22,84,384.568124475905,38.456812447591
22,85,248.299902939505,24.829990293950
22,86,243.152548018205,24.315254801821
22,87,55.626228127404,5.562622812740
22,88,15.641224159718,1.564122415972
22,89,84.373112041299,8.437311204130
22,90,168.974752950297,16.897475295030
22,91,56.564706060876,5.656470606088
22,92,28.708173006941,2.870817300694
22,93,111.927281524695,11.192728152470
22,94,41.372991757014,4.137299175701
22,95,63.576686154818,6.357668615482
22,96,164.483540428733,16.448354042873
22,97,51.180003957166,5.118000395717
22,98,263.863854748274,26.386385474827
22,99,846.590346861043,84.659034686104
22,100,198.396536865561,19.839653686556
22,101,309.413364762012,30.941336476201
22,102,91.090201712764,9.109020171276
22,103,95.493231087210,9.549323108721
22,104,201.731952308045,20.173195230804
22,105,135.234759891076,13.523475989108
22,106,160.047853397261,16.004785339726
22,107,30.389033468770,3.038903346877
22,108,830.694811472818,83.069481147282
22,109,435.008286775055,43.500828677506
22,110,254.571294060625,25.457129406063
22,111,161.210301578115,16.121030157811
22,112,29.803661781169,2.980366178117
22,113,633.521404750364,63.352140475036
22,114,70.076680875118,7.007668087512
22,115,30.557702420501,3.055770242050
22,116,43.137402014162,4.313740201416
22,117,260.469700362032,26.046970036203
22,118,94.598097412491,9.459809741249
22,119,95.300274404281,9.530027440428
22,120,39.075372385729,3.907537238573
22,121,90.935432816425,9.093543281643
22,122,75.303550091784,7.530355009178
22,123,61.246633320950,6.124663332095
22,124,119.025277552818,11.902527755282
22,125,25.349590805468,2.534959080547
22,126,422.309539932786,42.230953993279
22,127,332.777489590694,33.277748959069
22,128,502.793999380662,50.279399938066
22,129,59.511293609758,5.951129360976
22,130,75.283522054981,7.528352205498
22,131,192.926117753594,19.292611775359
22,132,103.563558409520,10.356355840952
22,133,309.971235264749,30.997123526475
22,134,706.209950872722,70.620995087272
22,135,149.875553719898,14.987555371990
22,136,172.349701346023,17.234970134602
22,137,2051.108838916871,205.110883891687
22,138,44.323091685484,4.432309168548
22,139,47.024186320570,4.702418632057
22,140,54.378586058658,5.437858605866
22,141,56.523379552100,5.652337955210
22,142,76.803261444620,7.680326144462
22,143,110.427570171859,11.042757017186
22,144,50.797752433858,5.079775243386
22,145,157.793055164365,15.779305516436
22,146,46.150799506708,4.615079950671
22,147,62.559740166708,6.255974016671
22,148,338.705639021383,33.870563902138
22,149,1339.954877481583,133.995487748158
22,150,745.146621630442,74.514662163044
22,151,629.766372044267,62.976637204427
22,152,282.242567774134,28.224256777413
22,153,221.167816858581,22.116781685858
22,154,151.382140368950,15.138214036895
22,155,424.191502808931,42.419150280893
22,156,456.992494814315,45.699249481432
22,157,215.136164327251,21.513616432725
22,158,562.825424095450,56.282542409545
22,159,391.449922330630,39.144992233063
22,160,1117.186984891709,111.718698489171
22,161,184.217060466530,18.421706046653
22,162,66.471260593198,6.647126059320
22,163,69.914663025160,6.991466302516
22,164,58.797309044032,5.879730904403
22,165,1714.418707927479,171.441870792748
22,166,550.673338033827,55.067333803383
22,167,2288.115395238416,228.811539523842
22,168,145.713533370412,14.571353337041
22,169,41.064574936545,4.106457493655
22,170,180.445586834700,18.044558683470
22,171,50.513399150145,5.051339915015
22,172,532.733821919499,53.273382191950
22,173,55.281417075880,5.528141707588
22,174,400.866462544607,40.086646254461
22,175,181.752565699049,18.175256569905
22,176,526.680198332870,52.668019833287
22,177,673.415012117267,67.341501211727
22,178,761.199690979789,76.119969097979
22,179,406.293836323743,40.629383632374
22,180,380.004870807036,38.000487080704
22,181,344.498898129574,34.449889812957
22,182,621.935185459902,62.193518545990
22,183,281.345266886476,28.134526688648
22,184,555.886905046944,55.588690504694
22,185,317.680833730165,31.768083373016
22,186,475.713851678761,47.571385167876
22,187,65.747112546109,6.574711254611
22,188,60.046894131273,6.004689413127
22,189,109.609708848088,10.960970884809
22,190,196.681673580055,19.668167358006
22,191,273.739545179105,27.373954517911
22,192,136.734620706874,13.673462070687
22,193,39.002210266214,3.900221026621
23,1,65.618659074501,6.561865907450
23,2,79.308603946799,7.930860394680
23,3,363.740082218511,36.374008221851
23,4,84.364657849183,8.436465784918
23,5,95.266056739501,9.526605673950
23,6,81.056274516899,8.105627451690
23,7,546.927727372593,54.692772737259
23,8,1248.453811384392,124.845381138439
23,9,316.070149634693,31.607014963469
23,10,694.393647171337,69.439364717134
23,11,575.153341632482,57.515334163248
23,12,315.593537890147,31.559353789015
23,13,340.154510720613,34.015451072061
23,14,364.790563320559,36.479056332056
23,15,107.912159736779,10.791215973678
23,16,464.889836076546,46.488983607655
23,17,501.294483624832,50.129448362483
23,18,523.372244286548,52.337224428655
23,19,492.720345698173,49.272034569817
23,20,254.450141613200,25.445014161320
23,21,768.043228267444,76.804322826744
23,22,620.213210433262,62.021321043326
23,23,362.943445605184,36.294344560518
23,24,593.782800783794,59.378280078379
23,25,480.176020638638,48.017602063864
23,26,566.745961312353,56.674596131235
23,27,32.282817644880,3.228281764488
23,28,128.487759968294,12.848775996829
23,29,624.862646995198,62.486264699520
23,30,485.506472381502,48.550647238150
23,31,394.856514808645,39.485651480864
23,32,162.800485962053,16.280048596205
23,33,469.464616649450,46.946461664945
23,34,1049.908574662625,104.990857466263
23,35,639.613243700311,63.961324370031
23,36,737.866952602568,73.786695260257
23,37,904.610433118711,90.461043311871
23,38,366.377550470558,36.637755047056
23,39,706.845446832924,70.684544683292
23,40,1071.457316064316,107.145731606432
23,41,193.599365736023,19.359936573602
23,42,1181.539161067944,118.153916106794
23,43,615.830119883283,61.583011988328
23,44,190.000975316735,19.000097531674
23,45,347.882429721457,34.788242972146
23,46,1094.388358659323,109.438835865932
23,47,2771.917331586526,277.191733158653
23,48,193.353573075825,19.335357307583
23,49,395.587818602810,39.558781860281
23,50,470.423278654298,47.042327865430
23,51,1884.634009670451,188.463400967045
23,52,433.709624528895,43.370962452890
23,53,900.119631704708,90.011963170471
23,54,386.744156310830,38.674415631083
23,55,1125.744933503674,112.574493350367
23,56,156.405992142785,15.640599214278
23,57,1772.549802047104,177.254980204710
23,58,1326.881870189038,132.688187018904
23,59,120.484948716446,12.048494871645
23,60,175.463045766753,17.546304576675
23,61,840.019865412557,84.001986541256
23,62,988.705354712348,98.870535471235
23,63,136.979613857847,13.697961385785
23,64,499.111378643778,49.911137864378
23,65,118.696807113504,11.869680711350
23,66,34.288358617964,3.428835861796
23,67,27.166586918792,2.716658691879
23,68,42.891596135428,4.289159613543
23,69,44.630791096555,4.463079109656
23,70,246.160007217189,24.616000721719
23,71,277.612850853452,27.761285085345
23,72,96.923038293597,9.692303829360
23,73,314.754735122183,31.475473512218
23,74,89.511612657795,8.951161265780
23,75,185.764442171903,18.576444217190
23,76,82.695810442526,8.269581044253
23,77,341.032089399626,34.103208939963
23,78,82.538729156238,8.253872915624
23,79,150.454490152472,15.045449015247
23,80,39.922660942487,3.992266094249
23,81,217.910449361954,21.791044936195
23,82,94.748832701963,9.474883270196
23,83,249.167647691105,24.916764769110
23,84,363.462294134441,36.346229413444
23,85,234.672731856657,23.467273185666
23,86,229.807873566674,22.980787356667
23,87,52.573354894625,5.257335489462
23,88,14.782804019209,1.478280401921
23,89,79.742555126183,7.974255512618
23,90,159.701097021012,15.970109702101
23,91,53.460327373582,5.346032737358
23,92,27.132613852828,2.713261385283
23,93,105.784499364419,10.578449936442
23,94,39.102363254112,3.910236325411
23,95,60.087476659141,6.008747665914
23,96,155.456370787507,15.545637078751
23,97,48.371147966131,4.837114796613
23,98,249.382504378554,24.938250437855
23,99,800.127857922520,80.012785792252
23,100,187.508157457816,18.750815745782
23,101,292.432170621316,29.243217062132
23,102,86.090998136702,8.609099813670
23,103,90.252380881979,9.025238088198
23,104,190.660518954934,19.066051895493
23,105,127.812818973796,12.781281897380
23,106,151.264122699556,15.126412269956
23,107,28.721225494547,2.872122549455
23,108,785.104699758871,78.510469975887
23,109,411.134204360353,41.113420436035
23,110,240.599937101249,24.059993710125
23,111,152.362773512597,15.236277351260
23,112,28.167980118876,2.816798011888
23,113,598.752544734809,59.875254473481
23,114,66.230739302454,6.623073930245
23,115,28.880637573302,2.888063757330
23,116,40.769939319423,4.076993931942
23,117,246.174627642667,24.617462764267
23,118,89.406373846389,8.940637384639
23,119,90.070014028924,9.007001402892
23,120,36.930841605320,3.693084160532
23,121,85.944723251854,8.594472325185
23,122,71.170747991992,7.117074799199
23,123,57.885301557899,5.788530155790
23,124,112.492943866038,11.249294386604
23,125,23.958357032531,2.395835703253
23,126,399.132388905123,39.913238890512
23,127,314.514027827368,31.451402782737
23,128,475.199708090669,47.519970809067
23,129,56.245200591673,5.624520059167
23,130,71.151819131953,7.115181913195
23,131,182.337965354604,18.233796535460
23,132,97.879793286426,9.787979328643
23,133,292.959424129472,29.295942412947
23,134,667.451805150462,66.745180515046
23,135,141.650098182063,14.165009818206
23,136,162.890821827684,16.289082182768
23,137,1938.540083445904,193.854008344590
23,138,41.890556085718,4.189055608572
23,139,44.443409508192,4.444340950819
23,140,51.394185796346,5.139418579635
23,141,53.421268942234,5.342126894223
23,142,72.588152332469,7.258815233247
23,143,104.367095023942,10.436709502394
23,144,48.009875133684,4.800987513368
23,145,149.133072083607,14.913307208361
23,146,43.617955824359,4.361795582436
23,147,59.126342601676,5.912634260168
23,148,320.116829138544,32.011682913854
23,149,1266.415604438908,126.641560443891
23,150,704.251557337009,70.425155733701
23,151,595.203595367860,59.520359536786
23,152,266.752558666649,26.675255866665
23,153,209.029706280720,20.902970628072
23,154,143.074000489419,14.307400048942
23,155,400.911066078047,40.091106607805
23,156,431.911877235784,43.191187723578
23,157,203.329082315989,20.332908231599
23,158,531.936494002739,53.193649400274
23,159,369.966405829752,36.996640582975
23,160,1055.873637627294,105.587363762729
23,161,174.106877701101,17.410687770110
23,162,62.823191345193,6.282319134519
23,163,66.077613300354,6.607761330035
23,164,55.570400857324,5.557040085732
23,165,1620.328147423897,162.032814742390
23,166,520.451337544450,52.045133754445
23,167,2162.539269033449,216.253926903345
23,168,137.716497427918,13.771649742792
23,169,38.810872935538,3.881087293554
23,170,170.542389717702,17.054238971770
23,171,47.741127699186,4.774112769919
23,172,503.496376205776,50.349637620578
23,173,52.247467729638,5.224746772964
23,174,378.866148401100,37.886614840110
23,175,171.777639095348,17.177763909535
23,176,497.774986999062,49.777498699906
23,177,636.456715028782,63.645671502878
23,178,719.423603698274,71.942360369827
23,179,383.995657581244,38.399565758124
23,180,359.149480508858,35.914948050886
23,181,325.592143164760,32.559214316476
23,182,587.802199202676,58.780219920268
23,183,265.904503358890,26.590450335889
23,184,525.378774080678,52.537877408068
23,185,300.245905163006,30.024590516301
23,186,449.605770416697,44.960577041670
23,187,62.138785920676,6.213878592068
23,188,56.751406337547,5.675140633755
23,189,103.594119485663,10.359411948566
23,190,185.887409132077,18.588740913208
23,191,258.716198129286,25.871619812929
23,192,129.230364574422,12.923036457442
23,193,36.861694762120,3.686169476212
24,1,61.525854609790,6.152585460979
24,2,74.361922425085,7.436192242509
24,3,341.052678155468,34.105267815547
24,4,79.102617247029,7.910261724703
24,5,89.324067862281,8.932406786228
24,6,76.000586288662,7.600058628866
24,7,512.814438926341,51.281443892634
24,8,1170.584537533215,117.058453753322
24,9,296.356041820969,29.635604182097
24,10,651.082530188849,65.108253018885
24,11,539.279549059943,53.927954905994
24,12,295.909157576246,29.590915757625
24,13,318.938199387762,31.893819938776
24,14,342.037638050513,34.203763805051
24,15,101.181400903902,10.118140090390
24,16,435.893461820673,43.589346182067
24,17,470.027457909095,47.002745790909
24,18,490.728171878885,49.072817187889
24,19,461.988111008071,46.198811100807
24,20,238.579432117926,23.857943211793
24,21,720.138397567155,72.013839756716
24,22,581.528917999735,58.152891799974
24,23,340.305729815778,34.030572981578
24,24,556.747040949732,55.674704094973
24,25,450.226207752556,45.022620775256
24,26,531.396558664815,53.139655866482
24,27,30.269255312855,3.026925531285
24,28,120.473648051410,12.047364805141
24,29,585.888357250121,58.588835725012
24,30,455.224185516223,45.522418551622
24,31,370.228298848088,37.022829884809
24,32,152.646201110757,15.264620111076
24,33,440.182901567995,44.018290156800
24,34,984.423077663385,98.442307766338
24,35,599.718921316602,59.971892131660
24,36,691.844293795328,69.184429379533
24,37,848.187554752837,84.818755475284
24,38,343.525640732000,34.352564073200
24,39,662.757679093358,66.275767909336
24,40,1004.627768664448,100.462776866445
24,41,181.524075572749,18.152407557275
24,42,1107.843525987086,110.784352598709
24,43,577.419212075794,57.741921207579
24,44,178.150126014971,17.815012601497
24,45,326.184108212908,32.618410821291
24,46,1026.128543179658,102.612854317966
24,47,2599.025721326003,259.902572132600
24,48,181.293613632673,18.129361363267
24,49,370.913989344510,37.091398934451
24,50,441.081769358988,44.108176935899
24,51,1767.084541304028,176.708454130403
24,52,406.658040228086,40.665804022809
24,53,843.976856168374,84.397685616837
24,54,362.621929005747,36.262192900575
24,55,1055.529327836720,105.552932783672
24,56,146.650548310525,14.665054831052
24,57,1661.991313866112,166.199131386611
24,58,1244.120836680447,124.412083668045
24,59,112.969992711673,11.296999271167
24,60,164.518964506412,16.451896450641
24,61,787.625666809643,78.762566680964
24,62,927.037259888041,92.703725988804
24,63,128.435843182264,12.843584318226
24,64,467.980518798227,46.798051879823
24,65,111.293382097617,11.129338209762
24,66,32.149705539426,3.214970553943
24,67,25.472137050410,2.547213705041
24,68,40.216337014964,4.021633701496
24,69,41.847053915090,4.184705391509
24,70,230.806374717203,23.080637471720
24,71,260.297423634128,26.029742363413
24,72,90.877699216933,9.087769921693
24,73,295.122673093388,29.512267309339
24,74,83.928543251983,8.392854325198
24,75,174.177836334035,17.417783633403
24,76,77.537860143545,7.753786014354
24,77,319.761041228408,31.976104122841
24,78,77.390576420922,7.739057642092
24,79,141.070256799993,14.107025679999
24,80,37.432581942807,3.743258194281
24,81,204.318814411853,20.431881441185
24,82,88.839104417689,8.883910441769
24,83,233.626420922453,23.362642092245
24,84,340.792216428365,34.079221642836
24,85,220.035590253407,22.003559025341
24,86,215.474165681978,21.547416568198
24,87,49.294219589631,4.929421958963
24,88,13.860762527595,1.386076252759
24,89,74.768806953772,7.476880695377
24,90,149.740129026151,14.974012902615
24,91,50.125869314768,5.012586931477
24,92,25.440282971911,2.544028297191
24,93,99.186448178942,9.918644817894
24,94,36.663448330150,3.666344833015
24,95,56.339666261728,5.633966626173
24,96,145.760157280546,14.576015728055
24,97,45.354115110671,4.535411511067
24,98,233.827876445934,23.382787644593
24,99,750.221826384650,75.022182638465
24,100,175.812791614668,17.581279161467
24,101,274.192424329257,27.419242432926
24,102,80.721281252587,8.072128125259
24,103,84.623107857592,8.462310785759
24,104,178.768532220842,17.876853222084
24,105,119.840804861936,11.984080486194
24,106,141.829390483641,14.182939048364
24,107,26.929808821393,2.692980882139
24,108,736.135701218526,73.613570121853
24,109,385.490707054336,38.549070705434
24,110,225.593100468713,22.559310046871
24,111,142.859515620965,14.285951562096
24,112,26.411070782135,2.641107078214
24,113,561.406809193866,56.140680919387
24,114,62.099757820336,6.209975782034
24,115,27.079277958965,2.707927795897
24,116,38.227013389116,3.822701338912
24,117,230.820083229156,23.082008322916
24,118,83.829868455801,8.382986845580
24,119,84.452115694007,8.445211569401
24,120,34.627370069332,3.462737006933
24,121,80.584129908364,8.058412990836
24,122,66.731645467697,6.673164546770
24,123,54.274846483096,5.427484648310
24,124,105.476469750335,10.547646975034
24,125,22.464012710156,2.246401271016
24,126,374.237475684375,37.423747568437
24,127,294.896979331382,29.489697933138
24,128,445.560280611747,44.556028061175
24,129,52.737042830650,5.273704283065
24,130,66.713897249323,6.671389724932
24,131,170.965077684920,17.096507768492
24,132,91.774778941149,9.177477894115
24,133,274.686791680599,27.468679168060
24,134,625.821120119279,62.582112011928
24,135,132.815017391887,13.281501739189
24,136,152.730902496204,15.273090249620
24,137,1817.628354671618,181.762835467162
24,138,39.277734406717,3.927773440672
24,139,41.671359798130,4.167135979813
24,140,48.188598299523,4.818859829952
24,141,50.089247058199,5.008924705820
24,142,68.060642655470,6.806064265547
24,143,97.857450991169,9.785745099117
24,144,45.015375793576,4.501537579358
24,145,139.831258973301,13.983125897330
24,146,40.897391782707,4.089739178271
24,147,55.438480606395,5.543848060639
24,148,300.150319520604,30.015031952060
24,149,1187.426007377159,118.742600737716
24,150,660.325577153904,66.032557715390
24,151,558.079216922885,55.807921692289
24,152,250.114515791613,25.011451579161
24,153,195.991986107993,19.599198610799
24,154,134.150107251639,13.415010725164
24,155,375.905212189243,37.590521218924
24,156,404.972423055453,40.497242305545
24,157,190.646924715608,19.064692471561
24,158,498.758247322550,49.875824732255
24,159,346.890649955895,34.689064995590
24,160,990.016084315438,99.001608431544
24,161,163.247384129571,16.324738412957
24,162,58.904747389594,5.890474738959
24,163,61.956182680656,6.195618268066
24,164,52.104332090567,5.210433209057
24,165,1519.264115186605,151.926411518661
24,166,487.989449599616,48.798944959962
24,167,2027.656135177212,202.765613517721
24,168,129.126765429625,12.912676542963
24,169,36.390139012134,3.639013901213
24,170,159.905222425597,15.990522242560
24,171,44.763390827487,4.476339082749
24,172,472.092012788945,47.209201278895
24,173,48.988658844943,4.898865884494
24,174,355.235292702825,35.523529270282
24,175,161.063426123871,16.106342612387
24,176,466.727481336106,46.672748133611
24,177,596.759273453398,59.675927345340
24,178,674.551303977981,67.455130397798
24,179,360.044861208009,36.004486120801
24,180,336.748404076371,33.674840407637
24,181,305.284124134586,30.528412413459
24,182,551.139464864685,55.113946486469
24,183,249.319355873654,24.931935587365
24,184,492.609549251192,49.260954925119
24,185,281.518796159344,28.151879615934
24,186,421.562702629652,42.156270262965
24,187,58.263030090934,5.826303009093
24,188,53.211675222755,5.321167522276
24,189,97.132687924446,9.713268792445
24,190,174.293133528769,17.429313352877
24,191,242.579403721549,24.257940372155
24,192,121.169934499100,12.116993449910
24,193,34.562536092512,3.456253609251
